TR,Tnn
1.134600043296814,1.1322883367538452
1.856600046157837,1.8366527557373047
1.8910000324249268,1.7742334604263306
1.34089994430542,1.3214912414550781
0.5153999924659729,0.5299187302589417
1.7648999691009521,1.8073183298110962
1.3179999589920044,1.2870484590530396
2.0285000801086426,2.0039026737213135
2.0513999462127686,2.093937873840332
1.2263000011444092,1.215240240097046
1.0670000314712524,1.0689398050308228
1.48989999294281,1.4567296504974365
0.436599999666214,0.47276973724365234
0.8418999910354614,0.8232065439224243
2.1659998893737793,2.1754488945007324
0.4253000020980835,0.2994961142539978
1.0333000421524048,1.0288933515548706
0.63919997215271,0.5957408547401428
1.9711999893188477,1.9831809997558594
0.7067999839782715,0.690212607383728
0.605400025844574,0.5550525188446045
1.3982000350952148,1.4050185680389404
0.751800000667572,0.7660223245620728
0.22269999980926514,0.2994961142539978
0.9093999862670898,0.8811734914779663
1.4555000066757202,1.4519762992858887
0.886900007724762,0.8746886849403381
0.9656999707221985,0.9646839499473572
1.8910000324249268,1.7885029315948486
2.0285000801086426,2.00281023979187
1.1575000286102295,1.1376113891601562
1.2720999717712402,1.2605867385864258
0.9319000244140625,0.9128022789955139
1.2491999864578247,1.2529746294021606
2.1431000232696533,2.310220956802368
1.3293999433517456,1.3136705160140991
0.7631000280380249,0.7615796327590942
1.2263000011444092,1.2057116031646729
0.6617000102996826,0.6568493843078613
0.8531000018119812,0.8773490190505981
0.9656999707221985,0.955851137638092
0.36899998784065247,0.2994961142539978
0.5604000091552734,0.5671630501747131
1.5585999488830566,1.5193285942077637
1.3293999433517456,1.3453186750411987
1.2034000158309937,1.1894549131393433
0.5828999876976013,0.5822966694831848
0.751800000667572,0.770118236541748
0.5604000091552734,0.5751246809959412
0.7404999732971191,0.7189126014709473
2.0399999618530273,2.0150346755981445
1.34089994430542,1.3290207386016846
1.5585999488830566,1.579479455947876
1.3293999433517456,1.3152222633361816
1.8336999416351318,1.828389048576355
0.48159998655319214,0.5310980081558228
1.8451000452041626,1.8231983184814453
1.3293999433517456,1.3207627534866333
1.1575000286102295,1.133681058883667
2.0629000663757324,2.1057376861572266
2.0857999324798584,2.0757057666778564
1.180400013923645,1.191038966178894
2.177500009536743,2.20986008644104
1.1008000373840332,1.089704990386963
0.628000020980835,0.6431255340576172
1.48989999294281,1.4609543085098267
0.38029998540878296,0.3688739538192749
0.5266000032424927,0.5761356353759766
1.2263000011444092,1.2105944156646729
0.2563999891281128,0.2994961142539978
1.5127999782562256,1.497618556022644
1.2376999855041504,1.2155296802520752
1.7877999544143677,1.73755943775177
0.47029998898506165,0.457361102104187
0.8080999851226807,0.773838460445404
0.2451999932527542,0.30371761322021484
1.5127999782562256,1.5374406576156616
0.492900013923645,0.5472886562347412
0.8531000018119812,0.8462119698524475
0.4253000020980835,0.4087258577346802
1.7763999700546265,1.7890394926071167
0.414000004529953,0.4668269157409668
0.414000004529953,0.3991057276725769
1.0333000421524048,1.0444294214248657
0.39149999618530273,0.3940013647079468
0.492900013923645,0.4746232032775879
1.180400013923645,1.1785578727722168
0.5041000247001648,0.5148138403892517
2.1659998893737793,2.2167043685913086
0.8306000232696533,0.8435001373291016
1.34089994430542,1.3035533428192139
0.7856000065803528,0.7657269835472107
1.9940999746322632,1.953792691230774
0.3578000068664551,0.2994961142539978
1.673200011253357,1.7162975072860718
1.856600046157837,1.8191272020339966
0.21140000224113464,0.30371761322021484
1.4555000066757202,1.4644964933395386
0.886900007724762,0.8732030987739563
0.7856000065803528,0.7973535060882568
1.1121000051498413,1.0951663255691528
0.7067999839782715,0.697262167930603
0.6617000102996826,0.647571861743927
0.6729999780654907,0.6791503429412842
1.2263000011444092,1.2302874326705933
0.7742999792098999,0.7554017901420593
1.2720999717712402,1.2634016275405884
1.2034000158309937,1.1672639846801758
0.30149999260902405,0.2994961142539978
1.134600043296814,1.1177136898040771
1.4668999910354614,1.464609146118164
2.188999891281128,2.2117762565612793
1.856600046157837,1.8664354085922241
0.8080999851226807,0.803853452205658
2.2004001140594482,2.2096810340881348
0.6955000162124634,0.6835718154907227
0.8194000124931335,0.8084461688995361
0.2451999932527542,0.2994961142539978
1.673200011253357,1.6420384645462036
2.0285000801086426,2.084472894668579
1.6618000268936157,1.7302119731903076
2.0285000801086426,2.0760488510131836
1.5127999782562256,1.4845949411392212
0.38029998540878296,0.42293041944503784
0.605400025844574,0.6228325366973877
1.3523000478744507,1.3349047899246216
1.134600043296814,1.1255667209625244
1.6045000553131104,1.5805811882019043
0.9319000244140625,0.9294594526290894
1.7763999700546265,1.7360637187957764
1.593000054359436,1.6506670713424683
1.982699990272522,2.0082623958587646
1.8795000314712524,1.857406735420227
1.6618000268936157,1.6932073831558228
0.8080999851226807,0.7964791059494019
1.2491999864578247,1.235244870185852
1.856600046157837,1.8483649492263794
1.9940999746322632,2.0562710762023926
1.5585999488830566,1.5399552583694458
0.9545000195503235,0.9653773307800293
1.0444999933242798,1.0208741426467896
1.134600043296814,1.1298481225967407
1.0782999992370605,1.0724579095840454
1.799299955368042,1.7700512409210205
1.570099949836731,1.5990595817565918
1.6159000396728516,1.6134744882583618
1.856600046157837,1.8810784816741943
2.0857999324798584,2.1319565773010254
1.2720999717712402,1.2642667293548584
0.7067999839782715,0.7022945880889893
1.3867000341415405,1.4011121988296509
0.8080999851226807,0.817561686038971
1.3179999589920044,1.3111869096755981
1.4668999910354614,1.473317265510559
2.246299982070923,2.2747974395751953
0.8418999910354614,0.8356202840805054
1.9139000177383423,1.9272786378860474
1.4211000204086304,1.4001662731170654
1.0670000314712524,1.0539807081222534
0.886900007724762,0.8333520293235779
0.8755999803543091,0.8511207103729248
2.074399948120117,2.1189534664154053
0.27889999747276306,0.2994961142539978
0.5942000150680542,0.6018221974372864
1.9483000040054321,1.9341455698013306
1.753499984741211,1.7895163297653198
0.436599999666214,0.46238720417022705
1.9368000030517578,1.864622712135315
1.7075999975204468,1.7265732288360596
2.1431000232696533,2.14947247505188
0.628000020980835,0.6592978835105896
2.177500009536743,2.1994025707244873
0.751800000667572,0.7675848007202148
1.3867000341415405,1.3710546493530273
0.5378999710083008,0.5518010854721069
2.234800100326538,2.214184522628784
1.4211000204086304,1.392865777015686
0.6955000162124634,0.6914806365966797
0.5942000150680542,0.5810260772705078
0.5491999983787537,0.512826144695282
1.799299955368042,1.791683554649353
2.0857999324798584,2.012711763381958
1.9483000040054321,2.0252676010131836
2.0055999755859375,1.9868450164794922
1.5471999645233154,1.5543901920318604
1.8910000324249268,1.9096969366073608
0.414000004529953,0.30371761322021484
0.9769999980926514,0.9601140022277832
1.8910000324249268,1.891148567199707
1.9254000186920166,1.9185888767242432
2.1659998893737793,2.1035804748535156
1.1919000148773193,1.174370527267456
1.7877999544143677,1.8429406881332397
1.0219999551773071,1.0095648765563965
0.3465000092983246,0.30371761322021484
0.5828999876976013,0.6156585812568665
0.3578000068664551,0.41114097833633423
1.8451000452041626,1.8019744157791138
0.8644000291824341,0.8537949919700623
1.48989999294281,1.46561598777771
1.856600046157837,1.8687206506729126
0.45910000801086426,0.5015909075737
1.6847000122070312,1.685007095336914
1.4555000066757202,1.416440725326538
2.1431000232696533,2.1699888706207275
0.7742999792098999,0.7707350850105286
2.1431000232696533,2.2263031005859375
1.34089994430542,1.3459761142730713
0.2676999866962433,0.2994961142539978
1.2376999855041504,1.235192060470581
2.154599905014038,2.234602212905884
1.3867000341415405,1.3785595893859863
0.8080999851226807,0.8018475770950317
0.8080999851226807,0.8055479526519775
0.7404999732971191,0.7168292999267578
1.593000054359436,1.5761144161224365
2.0973000526428223,2.168107748031616
0.5828999876976013,0.5661339163780212
0.2451999932527542,0.30371761322021484
1.2835999727249146,1.2883251905441284
1.570099949836731,1.605078101158142
0.7968000173568726,0.8150281310081482
0.9431999921798706,0.9141114950180054
2.188999891281128,2.157621383666992
1.0219999551773071,1.0077060461044312
0.9656999707221985,0.9387537837028503
1.1121000051498413,1.1092501878738403
0.9656999707221985,0.9508602619171143
1.3753000497817993,1.3753149509429932
2.131700038909912,2.2329468727111816
1.982699990272522,1.9475288391113281
1.1690000295639038,1.1802189350128174
0.605400025844574,0.5976591110229492
1.799299955368042,1.8389744758605957
1.8336999416351318,1.8835192918777466
2.1659998893737793,2.1656687259674072
0.9319000244140625,0.9148131012916565
0.5604000091552734,0.5523079037666321
0.9656999707221985,0.9621355533599854
1.2949999570846558,1.303627848625183
1.3179999589920044,1.2795040607452393
0.6617000102996826,0.6552385687828064
1.7648999691009521,1.7419524192810059
0.3578000068664551,0.2994961142539978
2.0399999618530273,2.0789663791656494
1.8107999563217163,1.789216160774231
1.8451000452041626,1.856726050376892
0.2563999891281128,0.30371761322021484
1.8221999406814575,1.921085000038147
0.7742999792098999,0.7590729594230652
0.20010000467300415,0.2994961142539978
0.2451999932527542,0.2994961142539978
1.0895999670028687,1.0699126720428467
1.8910000324249268,1.9097483158111572
0.8418999910354614,0.8378302454948425
2.234800100326538,2.157742500305176
1.3867000341415405,1.3804821968078613
0.3240000009536743,0.2994961142539978
1.5242999792099,1.5385860204696655
0.8194000124931335,0.8247017860412598
2.0399999618530273,2.072617292404175
1.673200011253357,1.6506009101867676
1.4555000066757202,1.4428660869598389
2.0171000957489014,1.9902440309524536
0.5716999769210815,0.5960201621055603
2.074399948120117,2.0386712551116943
1.2720999717712402,1.242663025856018
1.9483000040054321,1.990378499031067
1.9483000040054321,1.954390287399292
0.5491999983787537,0.5479345321655273
1.134600043296814,1.1215829849243164
0.6166999936103821,0.5960440635681152
2.0973000526428223,2.1738834381103516
1.055799961090088,1.064030408859253
1.2148000001907349,1.2065765857696533
0.5491999983787537,0.5681630373001099
0.3127000033855438,0.30371761322021484
1.753499984741211,1.7677476406097412
0.9207000136375427,0.9210909605026245
1.4211000204086304,1.450076699256897
2.1087000370025635,2.1989495754241943
1.4783999919891357,1.4946651458740234
0.605400025844574,0.6104049682617188
1.570099949836731,1.5854012966156006
0.5378999710083008,0.5128422379493713
1.9483000040054321,2.0102570056915283
1.1121000051498413,1.0997074842453003
1.6274000406265259,1.6269762516021729
1.593000054359436,1.5545158386230469
0.492900013923645,0.5348520278930664
0.7404999732971191,0.7561318278312683
0.45910000801086426,0.48788052797317505
1.0333000421524048,1.0476521253585815
0.8080999851226807,0.8159940242767334
1.8910000324249268,1.918923258781433
0.2676999866962433,0.2994961142539978
1.5356999635696411,1.5149563550949097
0.2451999932527542,0.30371761322021484
0.5716999769210815,0.5432588458061218
0.5378999710083008,0.5161599516868591
0.2563999891281128,0.2994961142539978
0.20010000467300415,0.2994961142539978
1.0782999992370605,1.0546882152557373
0.5266000032424927,0.41427886486053467
0.7631000280380249,0.7893671989440918
0.36899998784065247,0.30371761322021484
1.5585999488830566,1.583783507347107
0.27889999747276306,0.2994961142539978
1.799299955368042,1.767533779144287
0.886900007724762,0.8784485459327698
0.4253000020980835,0.2994961142539978
0.9319000244140625,0.916503369808197
0.63919997215271,0.6569423079490662
1.1121000051498413,1.1062599420547485
2.188999891281128,2.242190361022949
1.6159000396728516,1.5713006258010864
0.5716999769210815,0.5087220668792725
2.211899995803833,2.2491376399993896
2.0513999462127686,2.1229615211486816
1.2263000011444092,1.2332767248153687
1.4668999910354614,1.5047862529754639
0.9431999921798706,0.9244555234909058
1.6847000122070312,1.7219661474227905
2.1087000370025635,2.0829310417175293
1.7075999975204468,1.6983592510223389
1.856600046157837,1.7909668684005737
1.2034000158309937,1.1907938718795776
0.20010000467300415,0.2994961142539978
1.753499984741211,1.711582899093628
0.8306000232696533,0.8079700469970703
1.7648999691009521,1.7768750190734863
0.9207000136375427,0.8959624171257019
1.1461000442504883,1.1271311044692993
2.1087000370025635,2.1978073120117188
1.134600043296814,1.1352386474609375
1.0333000421524048,1.029482364654541
0.20010000467300415,0.30371761322021484
2.2004001140594482,2.1857635974884033
0.5942000150680542,0.578285813331604
1.6045000553131104,1.6199780702590942
0.23389999568462372,0.30371761322021484
0.8080999851226807,0.7872848510742188
2.154599905014038,2.1604723930358887
0.7968000173568726,0.790202260017395
0.9319000244140625,0.9247375130653381
2.234800100326538,2.2784392833709717
0.8755999803543091,0.839858889579773
2.1201999187469482,2.2270398139953613
1.4668999910354614,1.4778743982315063
1.4326000213623047,1.4335490465164185
1.2949999570846558,1.2611767053604126
1.5585999488830566,1.5083279609680176
2.1659998893737793,2.2386672496795654
1.409600019454956,1.4167249202728271
0.5041000247001648,0.5070666074752808
0.7179999947547913,0.6993754506111145
1.134600043296814,1.1305794715881348
1.6045000553131104,1.5790587663650513
0.63919997215271,0.6416631937026978
0.492900013923645,0.5376413464546204
1.1121000051498413,1.094549536705017
1.6389000415802002,1.612406611442566
2.0973000526428223,2.1204566955566406
0.9207000136375427,0.9236176013946533
2.154599905014038,2.1570591926574707
0.436599999666214,0.41940510272979736
0.5153999924659729,0.49237513542175293
1.7877999544143677,1.8088665008544922
0.605400025844574,0.6080226302146912
2.131700038909912,2.1765506267547607
0.5153999924659729,0.5132668018341064
1.902400016784668,1.896607518196106
0.7631000280380249,0.7621419429779053
1.5585999488830566,1.4968721866607666
2.177500009536743,2.2018964290618896
1.6159000396728516,1.6159523725509644
1.2949999570846558,1.2939701080322266
2.0629000663757324,2.0797815322875977
1.9940999746322632,2.0575902462005615
0.3352000117301941,0.30371761322021484
1.4211000204086304,1.369064450263977
1.0670000314712524,1.0622484683990479
1.5815999507904053,1.6113307476043701
1.673200011253357,1.6959894895553589
1.8681000471115112,1.899956226348877
2.223299980163574,2.1849160194396973
1.5012999773025513,1.47417151927948
0.5828999876976013,0.5858748555183411
0.5153999924659729,0.47941160202026367
1.6503000259399414,1.648687720298767
1.1461000442504883,1.135462999343872
2.2004001140594482,2.2221505641937256
1.6159000396728516,1.5756539106369019
0.5942000150680542,0.5771288871765137
0.5153999924659729,0.5088156461715698
1.055799961090088,1.0448698997497559
2.0857999324798584,2.053612470626831
1.2034000158309937,1.19901704788208
0.7856000065803528,0.764070987701416
1.982699990272522,2.015223741531372
2.074399948120117,2.0771515369415283
1.7763999700546265,1.7701002359390259
1.3523000478744507,1.3067320585250854
0.7179999947547913,0.7387188076972961
0.8306000232696533,0.8041060566902161
1.0444999933242798,1.0441868305206299
2.0399999618530273,2.0795280933380127
1.34089994430542,1.2922848463058472
2.188999891281128,2.1758532524108887
1.9598000049591064,1.983578085899353
1.9139000177383423,1.9329578876495361
1.1575000286102295,1.1614925861358643
1.3982000350952148,1.4104251861572266
1.3179999589920044,1.2882214784622192
0.9093999862670898,0.9251953363418579
1.0444999933242798,1.0319139957427979
0.7856000065803528,0.7834577560424805
0.7404999732971191,0.7394019365310669
1.444000005722046,1.3766584396362305
1.3867000341415405,1.3876264095306396
1.0895999670028687,1.0704602003097534
2.0055999755859375,2.07112717628479
1.799299955368042,1.7864292860031128
0.886900007724762,0.86344313621521
1.673200011253357,1.6821612119674683
1.3753000497817993,1.3550117015838623
0.21140000224113464,0.30371761322021484
1.409600019454956,1.3806334733963013
0.5153999924659729,0.5141614079475403
0.4027999937534332,0.3880229592323303
2.269200086593628,2.2733309268951416
1.570099949836731,1.5788654088974
1.010699987411499,0.9894818663597107
1.7304999828338623,1.7713465690612793
0.5604000091552734,0.5681664347648621
0.7179999947547913,0.730588972568512
0.20010000467300415,0.2994961142539978
0.9093999862670898,0.909282386302948
1.6962000131607056,1.703662395477295
1.673200011253357,1.6705007553100586
1.753499984741211,1.7755050659179688
1.3179999589920044,1.3490467071533203
0.436599999666214,0.38705432415008545
0.36899998784065247,0.4496234059333801
0.7067999839782715,0.6989156603813171
0.6729999780654907,0.6817241311073303
0.8644000291824341,0.8713241815567017
0.8194000124931335,0.8293507695198059
2.269200086593628,2.2602579593658447
1.363800048828125,1.3422739505767822
1.134600043296814,1.1089487075805664
0.2451999932527542,0.30371761322021484
1.6503000259399414,1.6230982542037964
1.753499984741211,1.767744541168213
0.36899998784065247,0.30371761322021484
0.4027999937534332,0.30371761322021484
2.188999891281128,2.2463884353637695
1.719099998474121,1.7367053031921387
0.492900013923645,0.5078734755516052
0.36899998784065247,0.30371761322021484
1.5242999792099,1.562467336654663
1.30649995803833,1.261539101600647
1.48989999294281,1.4431902170181274
2.177500009536743,2.177971839904785
1.9254000186920166,1.9341689348220825
0.628000020980835,0.6325249671936035
0.605400025844574,0.5675259232521057
2.234800100326538,2.275499105453491
1.4783999919891357,1.506308913230896
1.8451000452041626,1.8123234510421753
2.0055999755859375,2.0919952392578125
1.48989999294281,1.4845330715179443
0.3465000092983246,0.4198070168495178
0.22269999980926514,0.30371761322021484
0.47029998898506165,0.47024041414260864
0.6843000054359436,0.670642077922821
1.1575000286102295,1.1373260021209717
1.8681000471115112,1.9498670101165771
0.751800000667572,0.7309301495552063
0.5153999924659729,0.5570744872093201
2.257699966430664,2.172899007797241
1.9940999746322632,2.0399532318115234
0.7742999792098999,0.7580438852310181
1.0782999992370605,1.0679690837860107
1.1575000286102295,1.139939308166504
1.5356999635696411,1.525194525718689
1.260699987411499,1.2419352531433105
1.055799961090088,1.043474793434143
1.0444999933242798,1.0360959768295288
0.9093999862670898,0.8812853693962097
1.1919000148773193,1.1818268299102783
1.7075999975204468,1.7275930643081665
1.3293999433517456,1.3238941431045532
1.409600019454956,1.406858205795288
1.3179999589920044,1.3037629127502441
1.6503000259399414,1.6829533576965332
1.7075999975204468,1.7262933254241943
0.63919997215271,0.607818603515625
1.2376999855041504,1.2157317399978638
1.3293999433517456,1.3286716938018799
0.6955000162124634,0.7033193707466125
1.7419999837875366,1.7137551307678223
1.6045000553131104,1.5968732833862305
2.0973000526428223,2.102327585220337
1.9254000186920166,1.9850283861160278
0.5378999710083008,0.505530595779419
1.799299955368042,1.788240909576416
0.492900013923645,0.5069091320037842
1.9711999893188477,2.0923662185668945
0.8418999910354614,0.8527510762214661
0.3127000033855438,0.2994961142539978
0.9769999980926514,0.9792599678039551
0.5716999769210815,0.5325005054473877
0.6955000162124634,0.6785116791725159
1.2720999717712402,1.2467488050460815
0.20010000467300415,0.30371761322021484
1.1690000295639038,1.1565306186676025
1.3753000497817993,1.347019910812378
1.5585999488830566,1.5490747690200806
1.2720999717712402,1.2422540187835693
1.0219999551773071,1.0118210315704346
1.2491999864578247,1.2343422174453735
2.0285000801086426,2.0622951984405518
0.8755999803543091,0.8720172047615051
0.36899998784065247,0.4245874285697937
0.6729999780654907,0.6827319264411926
2.0171000957489014,2.012591600418091
0.29019999504089355,0.30371761322021484
1.0219999551773071,0.9894607067108154
1.010699987411499,1.0040360689163208
2.223299980163574,2.2554965019226074
1.1461000442504883,1.1365692615509033
1.3867000341415405,1.3756111860275269
1.982699990272522,1.9646378755569458
1.7419999837875366,1.7385400533676147
0.8531000018119812,0.856608510017395
0.751800000667572,0.7398658394813538
0.4027999937534332,0.480594277381897
0.20010000467300415,0.2994961142539978
2.223299980163574,2.204073190689087
0.6955000162124634,0.677057147026062
1.5815999507904053,1.5666171312332153
1.8681000471115112,1.8791027069091797
0.5378999710083008,0.5267543196678162
0.8306000232696533,0.8339422345161438
1.1461000442504883,1.130898356437683
1.0444999933242798,1.0528596639633179
2.1087000370025635,2.182868003845215
1.134600043296814,1.1275774240493774
1.2034000158309937,1.1778173446655273
2.0857999324798584,2.0539565086364746
0.8981999754905701,0.869812548160553
0.6955000162124634,0.7108514308929443
2.0171000957489014,2.1078014373779297
0.6843000054359436,0.6770488023757935
0.5378999710083008,0.5411579012870789
1.1121000051498413,1.0923022031784058
0.6955000162124634,0.7070996761322021
1.010699987411499,0.9915112853050232
1.7648999691009521,1.8017269372940063
1.409600019454956,1.4006465673446655
2.0629000663757324,2.2093756198883057
0.886900007724762,0.8899948000907898
0.39149999618530273,0.38667547702789307
0.6729999780654907,0.6681866645812988
0.9769999980926514,0.9387543201446533
1.753499984741211,1.7652333974838257
0.9545000195503235,0.9369251728057861
1.7419999837875366,1.7785452604293823
0.7742999792098999,0.7539599537849426
0.7631000280380249,0.7457030415534973
1.2034000158309937,1.1808645725250244
0.9656999707221985,0.9476757049560547
1.3753000497817993,1.4030600786209106
0.6729999780654907,0.686242401599884
1.8336999416351318,1.7938536405563354
0.27889999747276306,0.2994961142539978
1.799299955368042,1.8319867849349976
0.7404999732971191,0.7449191212654114
0.3127000033855438,0.30371761322021484
1.1232999563217163,1.1134521961212158
1.4668999910354614,1.4554020166397095
0.4253000020980835,0.44166111946105957
1.2263000011444092,1.2163320779800415
2.0857999324798584,2.0708720684051514
1.4326000213623047,1.4496681690216064
2.0171000957489014,1.9255889654159546
1.0670000314712524,1.0580087900161743
2.257699966430664,2.200309991836548
0.8306000232696533,0.8222842216491699
1.3867000341415405,1.3683302402496338
1.8795000314712524,1.904273509979248
0.9431999921798706,0.9431425929069519
2.154599905014038,2.1840929985046387
0.3127000033855438,0.30371761322021484
0.6617000102996826,0.6729534268379211
0.4027999937534332,0.4505016803741455
0.3578000068664551,0.30371761322021484
1.2263000011444092,1.2285387516021729
1.7877999544143677,1.813219428062439
1.1008000373840332,1.0858980417251587
2.0857999324798584,2.1455800533294678
0.628000020980835,0.6471591591835022
1.180400013923645,1.1685476303100586
1.7877999544143677,1.7666797637939453
0.48159998655319214,0.3964740037918091
0.7293000221252441,0.7407289147377014
1.5356999635696411,1.4994049072265625
1.363800048828125,1.3358051776885986
1.4668999910354614,1.4527709484100342
1.4211000204086304,1.3810722827911377
0.38029998540878296,0.4159752130508423
1.1232999563217163,1.132259726524353
2.246299982070923,2.2903623580932617
0.7742999792098999,0.786494791507721
0.30149999260902405,0.30371761322021484
0.628000020980835,0.6557479500770569
0.2563999891281128,0.2994961142539978
1.7763999700546265,1.7574462890625
1.0670000314712524,1.052749752998352
1.5242999792099,1.5296521186828613
1.134600043296814,1.104804277420044
0.9994999766349792,0.994295060634613
1.9139000177383423,1.9142287969589233
2.1659998893737793,2.184525728225708
0.7067999839782715,0.7046360373497009
2.0973000526428223,2.128561019897461
1.260699987411499,1.2386027574539185
1.9368000030517578,1.9929678440093994
2.1431000232696533,2.212033748626709
2.0399999618530273,2.1009111404418945
1.34089994430542,1.3350746631622314
0.45910000801086426,0.5223143696784973
0.7742999792098999,0.7600104808807373
1.5585999488830566,1.5680797100067139
1.30649995803833,1.2538024187088013
0.605400025844574,0.5749952793121338
0.5378999710083008,0.5322867035865784
2.154599905014038,2.2300453186035156
0.605400025844574,0.6063116192817688
0.9093999862670898,0.8968979120254517
2.154599905014038,2.2272422313690186
1.5585999488830566,1.5643538236618042
2.0513999462127686,2.0643627643585205
0.9656999707221985,0.9482718706130981
0.8080999851226807,0.8036684393882751
1.6618000268936157,1.6717582941055298
0.2451999932527542,0.2994961142539978
1.4555000066757202,1.4387130737304688
0.2676999866962433,0.2994961142539978
0.63919997215271,0.6426309943199158
1.2263000011444092,1.19877028465271
0.436599999666214,0.4662826657295227
1.4783999919891357,1.4814451932907104
2.211899995803833,2.2986397743225098
0.6617000102996826,0.6587885618209839
0.414000004529953,0.4589186906814575
1.2949999570846558,1.2766090631484985
0.7179999947547913,0.7094365954399109
1.4326000213623047,1.419141411781311
0.9994999766349792,0.9814213514328003
0.751800000667572,0.7549777030944824
1.6159000396728516,1.5974990129470825
2.223299980163574,2.2976391315460205
0.628000020980835,0.6218391060829163
2.1659998893737793,2.154214859008789
0.7742999792098999,0.7745227813720703
1.7877999544143677,1.8623883724212646
0.8418999910354614,0.8553559184074402
0.6729999780654907,0.6752721071243286
0.20010000467300415,0.2994961142539978
1.180400013923645,1.1822121143341064
2.1201999187469482,2.116715431213379
1.055799961090088,1.036443829536438
0.9207000136375427,0.90352863073349
2.1659998893737793,2.2090201377868652
0.6955000162124634,0.6728006601333618
2.0629000663757324,2.2076361179351807
1.8107999563217163,1.785661220550537
1.5242999792099,1.5019736289978027
1.8451000452041626,1.901536226272583
2.246299982070923,2.178077220916748
2.1431000232696533,2.206954002380371
0.5041000247001648,0.5035732984542847
0.29019999504089355,0.2994961142539978
2.154599905014038,2.181126832962036
0.5378999710083008,0.494939923286438
1.2034000158309937,1.20024573802948
2.0055999755859375,2.0275983810424805
1.0219999551773071,1.0115175247192383
0.5604000091552734,0.5666391849517822
1.7075999975204468,1.7790675163269043
0.8080999851226807,0.8043541312217712
0.5266000032424927,0.5246915221214294
1.5127999782562256,1.5255725383758545
0.47029998898506165,0.4055251479148865
2.1087000370025635,2.1291584968566895
0.751800000667572,0.76509690284729
2.0285000801086426,2.209073781967163
0.8194000124931335,0.8093793392181396
1.673200011253357,1.7492705583572388
0.5716999769210815,0.580379843711853
1.4326000213623047,1.409724473953247
1.673200011253357,1.674864649772644
1.134600043296814,1.1316393613815308
1.134600043296814,1.1145201921463013
1.4668999910354614,1.4600881338119507
1.8107999563217163,1.7755013704299927
1.34089994430542,1.3681845664978027
0.6955000162124634,0.6894077062606812
0.3578000068664551,0.2994961142539978
0.22269999980926514,0.30371761322021484
0.63919997215271,0.6291341185569763
1.4555000066757202,1.4473682641983032
1.9254000186920166,2.0093493461608887
1.2376999855041504,1.2372791767120361
0.7631000280380249,0.7700905203819275
1.260699987411499,1.2544491291046143
1.7419999837875366,1.7225223779678345
0.4027999937534332,0.44150465726852417
1.2835999727249146,1.2650500535964966
0.48159998655319214,0.46877193450927734
1.2148000001907349,1.19159996509552
1.3523000478744507,1.373231053352356
0.7856000065803528,0.7510286569595337
1.753499984741211,1.7951563596725464
0.23389999568462372,0.30371761322021484
1.8910000324249268,1.947838544845581
1.134600043296814,1.1214878559112549
1.2491999864578247,1.2251768112182617
1.4555000066757202,1.4348255395889282
1.9254000186920166,1.9203708171844482
1.5356999635696411,1.5072187185287476
0.7067999839782715,0.7124924659729004
1.0670000314712524,1.062882661819458
1.5585999488830566,1.542472243309021
1.1690000295639038,1.1549923419952393
0.39149999618530273,0.30371761322021484
1.1575000286102295,1.1469849348068237
0.436599999666214,0.30371761322021484
1.6962000131607056,1.737018346786499
2.257699966430664,2.3030498027801514
1.2148000001907349,1.2432292699813843
1.719099998474121,1.6713272333145142
0.5266000032424927,0.5115108489990234
2.131700038909912,2.07692813873291
1.34089994430542,1.296517014503479
0.21140000224113464,0.30371761322021484
0.8194000124931335,0.8097735643386841
0.4027999937534332,0.2994961142539978
0.7631000280380249,0.7523267269134521
0.27889999747276306,0.2994961142539978
0.751800000667572,0.7390947341918945
0.20010000467300415,0.30371761322021484
1.856600046157837,1.8853602409362793
0.5942000150680542,0.6136845946311951
2.177500009536743,2.195908308029175
1.0782999992370605,1.067434310913086
0.886900007724762,0.8656322956085205
1.8795000314712524,1.999316930770874
0.4253000020980835,0.4447932839393616
1.1575000286102295,1.1372822523117065
1.0670000314712524,1.0587613582611084
1.2720999717712402,1.2561240196228027
0.45910000801086426,0.4479939937591553
1.6045000553131104,1.5688930749893188
1.3179999589920044,1.3032244443893433
1.055799961090088,1.0636217594146729
1.4211000204086304,1.412009835243225
1.5356999635696411,1.4917324781417847
1.4783999919891357,1.4467875957489014
1.8681000471115112,1.8168153762817383
1.8681000471115112,1.9231507778167725
1.982699990272522,2.1210289001464844
0.27889999747276306,0.2994961142539978
2.0513999462127686,2.09342360496521
1.4211000204086304,1.4195877313613892
0.605400025844574,0.6494015455245972
1.8107999563217163,1.7468278408050537
1.5127999782562256,1.5139013528823853
1.4783999919891357,1.4605567455291748
0.7179999947547913,0.7121894359588623
1.753499984741211,1.7444922924041748
1.9368000030517578,1.9950311183929443
0.8755999803543091,0.8566585183143616
1.8910000324249268,1.8658140897750854
0.6843000054359436,0.6782855987548828
0.605400025844574,0.5507046580314636
1.2949999570846558,1.271194577217102
1.1121000051498413,1.0801903009414673
2.234800100326538,2.2762725353240967
1.1461000442504883,1.1371573209762573
1.5127999782562256,1.500346064567566
0.3465000092983246,0.2994961142539978
0.3578000068664551,0.2994961142539978
0.23389999568462372,0.2994961142539978
2.1201999187469482,2.069894790649414
2.1659998893737793,2.1412041187286377
1.8107999563217163,1.77988862991333
2.246299982070923,2.1772265434265137
1.8221999406814575,1.7985323667526245
2.1201999187469482,2.1879780292510986
1.2263000011444092,1.217834711074829
0.5604000091552734,0.5287456512451172
0.6843000054359436,0.7230462431907654
1.753499984741211,1.7358249425888062
1.1919000148773193,1.1831490993499756
0.36899998784065247,0.2994961142539978
1.9598000049591064,1.9272361993789673
1.673200011253357,1.7088518142700195
0.8080999851226807,0.7962000966072083
1.5471999645233154,1.5208319425582886
2.0399999618530273,2.0616238117218018
1.7648999691009521,1.7568436861038208
0.39149999618530273,0.2994961142539978
0.8644000291824341,0.8411346673965454
2.211899995803833,2.2193357944488525
0.9545000195503235,0.9360875487327576
1.9139000177383423,1.934709906578064
0.6504999995231628,0.6665312647819519
0.30149999260902405,0.30371761322021484
1.9711999893188477,1.9630528688430786
0.5942000150680542,0.5901346206665039
2.0055999755859375,2.1283340454101562
1.0670000314712524,1.0367193222045898
0.2563999891281128,0.30371761322021484
1.6962000131607056,1.7119840383529663
1.34089994430542,1.3447328805923462
0.436599999666214,0.30371761322021484
2.1659998893737793,2.1367135047912598
1.7075999975204468,1.6957197189331055
0.886900007724762,0.880107581615448
2.0285000801086426,2.116528034210205
0.886900007724762,0.8946957588195801
2.246299982070923,2.173752784729004
1.8336999416351318,1.8412774801254272
1.4783999919891357,1.464280605316162
1.134600043296814,1.1248779296875
1.0219999551773071,1.0008021593093872
1.1919000148773193,1.179389238357544
1.1008000373840332,1.0797383785247803
0.5378999710083008,0.5468646883964539
2.0629000663757324,2.078157663345337
2.177500009536743,2.241523504257202
1.3982000350952148,1.3658227920532227
1.5471999645233154,1.5330445766448975
1.1575000286102295,1.1464431285858154
0.8418999910354614,0.8497176170349121
1.0444999933242798,1.0424761772155762
2.0629000663757324,2.1498093605041504
1.0782999992370605,1.088338851928711
1.5127999782562256,1.5285252332687378
1.2949999570846558,1.2642946243286133
0.5604000091552734,0.5269342660903931
0.3578000068664551,0.30371761322021484
1.134600043296814,1.1389609575271606
2.0857999324798584,2.1181352138519287
2.154599905014038,2.12296724319458
0.9545000195503235,0.959219753742218
0.751800000667572,0.764689564704895
0.5378999710083008,0.5446191430091858
1.4668999910354614,1.456183910369873
2.1087000370025635,2.112558126449585
1.444000005722046,1.4062633514404297
1.055799961090088,1.0496143102645874
2.177500009536743,2.245572328567505
2.154599905014038,2.078986644744873
1.6045000553131104,1.6414421796798706
2.0285000801086426,2.031649351119995
2.0171000957489014,2.0983877182006836
0.492900013923645,0.45564723014831543
0.5716999769210815,0.562994122505188
0.9319000244140625,0.8926176428794861
2.211899995803833,2.182659387588501
0.9882000088691711,0.9732143878936768
1.48989999294281,1.4242695569992065
1.6274000406265259,1.6290794610977173
1.30649995803833,1.2710973024368286
1.6159000396728516,1.5839093923568726
2.223299980163574,2.159454584121704
2.0171000957489014,2.0582611560821533
1.753499984741211,1.7964743375778198
2.257699966430664,2.3045003414154053
1.055799961090088,1.0346285104751587
1.4555000066757202,1.4387933015823364
0.5491999983787537,0.5675378441810608
1.4211000204086304,1.37451171875
0.492900013923645,0.46587997674942017
1.3293999433517456,1.3003242015838623
0.605400025844574,0.6055474877357483
0.38029998540878296,0.30371761322021484
0.30149999260902405,0.2994961142539978
1.3753000497817993,1.377234935760498
0.3465000092983246,0.42025935649871826
0.6504999995231628,0.6759862303733826
0.9207000136375427,0.9259220361709595
0.27889999747276306,0.30371761322021484
1.4783999919891357,1.4768792390823364
1.055799961090088,1.049788236618042
0.7968000173568726,0.7940888404846191
1.5815999507904053,1.5214906930923462
1.1121000051498413,1.0998955965042114
1.409600019454956,1.344300389289856
1.7877999544143677,1.7889339923858643
0.9093999862670898,0.9019574522972107
1.3293999433517456,1.337554693222046
1.9483000040054321,2.006044387817383
2.1087000370025635,2.0843029022216797
0.2451999932527542,0.2994961142539978
1.4211000204086304,1.3787816762924194
2.1087000370025635,2.2206339836120605
1.3753000497817993,1.3475677967071533
0.7179999947547913,0.7308241128921509
0.492900013923645,0.4231400489807129
1.6159000396728516,1.6168608665466309
0.7968000173568726,0.777140736579895
1.2148000001907349,1.2144951820373535
0.29019999504089355,0.30371761322021484
1.1461000442504883,1.1332001686096191
0.44780001044273376,0.45648473501205444
0.47029998898506165,0.5119938850402832
1.3179999589920044,1.3063702583312988
1.8451000452041626,1.8822152614593506
1.0444999933242798,1.0156663656234741
0.5378999710083008,0.5193058252334595
1.0444999933242798,1.016801357269287
0.3352000117301941,0.30371761322021484
1.4555000066757202,1.4854474067687988
0.7742999792098999,0.7784292697906494
2.1201999187469482,2.2089664936065674
0.3465000092983246,0.2994961142539978
0.4253000020980835,0.48634135723114014
0.8981999754905701,0.9002328515052795
1.5585999488830566,1.5540498495101929
1.5585999488830566,1.6068984270095825
0.8306000232696533,0.8186200261116028
1.180400013923645,1.169366717338562
2.188999891281128,2.2071003913879395
1.6847000122070312,1.6850711107254028
0.3352000117301941,0.30371761322021484
1.48989999294281,1.4917913675308228
1.9368000030517578,1.9177355766296387
0.9319000244140625,0.9322386980056763
1.8681000471115112,1.9262994527816772
1.8221999406814575,1.841227412223816
0.45910000801086426,0.4909903407096863
1.1461000442504883,1.1301196813583374
2.1431000232696533,2.1970975399017334
1.9254000186920166,1.963658094406128
1.4326000213623047,1.4243212938308716
0.7404999732971191,0.7250346541404724
1.7304999828338623,1.6782397031784058
1.134600043296814,1.1063861846923828
0.21140000224113464,0.2994961142539978
1.0895999670028687,1.0758652687072754
0.20010000467300415,0.30371761322021484
0.414000004529953,0.4008018970489502
0.7067999839782715,0.722115695476532
0.63919997215271,0.6404570937156677
1.3753000497817993,1.381171703338623
0.6166999936103821,0.5988430976867676
2.074399948120117,2.1463091373443604
0.9319000244140625,0.9129260182380676
1.6618000268936157,1.676588535308838
0.6166999936103821,0.6405803561210632
0.5942000150680542,0.6142705678939819
2.0973000526428223,2.0482382774353027
1.0782999992370605,1.0609557628631592
0.7067999839782715,0.7059951424598694
1.5012999773025513,1.471576452255249
1.9598000049591064,1.9592020511627197
0.8531000018119812,0.8481013178825378
0.8080999851226807,0.8154219388961792
2.1659998893737793,2.2100729942321777
1.3982000350952148,1.4124654531478882
1.6503000259399414,1.7102082967758179
1.2491999864578247,1.212820291519165
0.414000004529953,0.3857629895210266
0.5266000032424927,0.5371916890144348
0.5041000247001648,0.5602530837059021
1.9483000040054321,1.9674553871154785
1.7304999828338623,1.737731695175171
1.1575000286102295,1.1410924196243286
0.751800000667572,0.7005388736724854
1.5242999792099,1.579262614250183
1.5242999792099,1.5057086944580078
2.234800100326538,2.2431161403656006
1.6045000553131104,1.6051371097564697
0.3240000009536743,0.30371761322021484
0.36899998784065247,0.2994961142539978
1.134600043296814,1.112297773361206
2.1431000232696533,2.104642152786255
0.5378999710083008,0.5176394581794739
2.0171000957489014,2.007411003112793
1.134600043296814,1.1211907863616943
0.5828999876976013,0.5773780345916748
0.3127000033855438,0.2994961142539978
1.3753000497817993,1.363105297088623
0.605400025844574,0.6198960542678833
1.3293999433517456,1.326043725013733
1.856600046157837,1.8181928396224976
1.7648999691009521,1.8510072231292725
1.753499984741211,1.8068283796310425
1.363800048828125,1.364902377128601
0.3240000009536743,0.2994961142539978
1.010699987411499,0.9800915718078613
2.177500009536743,2.2237722873687744
1.4211000204086304,1.4064404964447021
1.7419999837875366,1.7188533544540405
2.223299980163574,2.2372477054595947
2.246299982070923,2.2319602966308594
1.3753000497817993,1.366952657699585
1.1008000373840332,1.091726541519165
0.492900013923645,0.49830162525177
1.2835999727249146,1.2437660694122314
1.444000005722046,1.4569343328475952
1.1575000286102295,1.1502294540405273
2.0171000957489014,2.0329723358154297
2.223299980163574,2.3059325218200684
2.1087000370025635,2.08617901802063
2.131700038909912,2.241243839263916
1.2034000158309937,1.1942631006240845
1.8221999406814575,1.9559688568115234
1.4326000213623047,1.4071977138519287
1.3867000341415405,1.3474271297454834
0.5041000247001648,0.5010138750076294
0.8194000124931335,0.8058850765228271
0.6617000102996826,0.6300137639045715
1.4555000066757202,1.4533764123916626
1.673200011253357,1.6852011680603027
1.4783999919891357,1.4778220653533936
1.055799961090088,1.0570143461227417
2.1659998893737793,2.1694188117980957
0.22269999980926514,0.30371761322021484
1.9483000040054321,1.9323452711105347
1.753499984741211,1.749035358428955
0.9882000088691711,0.9589953422546387
0.3578000068664551,0.30371761322021484
0.5491999983787537,0.5335755348205566
2.211899995803833,2.2426791191101074
1.2949999570846558,1.2851744890213013
1.9254000186920166,1.9991792440414429
2.1201999187469482,2.0648837089538574
0.9882000088691711,0.9790722131729126
1.4668999910354614,1.4806820154190063
0.9545000195503235,0.9206495881080627
1.0670000314712524,1.0577983856201172
0.6843000054359436,0.7188159227371216
1.0782999992370605,1.0552223920822144
1.9368000030517578,1.9132423400878906
2.269200086593628,2.3096818923950195
0.8418999910354614,0.8614190816879272
1.6503000259399414,1.6452847719192505
1.444000005722046,1.4620962142944336
2.0399999618530273,2.0908734798431396
2.0973000526428223,2.0624682903289795
1.7877999544143677,1.7483688592910767
1.6045000553131104,1.5599515438079834
1.2034000158309937,1.2014570236206055
1.2034000158309937,1.1895016431808472
0.6166999936103821,0.6279180645942688
0.7293000221252441,0.7058030366897583
1.6962000131607056,1.700264573097229
2.188999891281128,2.2486789226531982
1.8336999416351318,1.8974605798721313
0.5716999769210815,0.5863667130470276
1.48989999294281,1.4907132387161255
1.6045000553131104,1.594606637954712
2.223299980163574,2.1316747665405273
1.055799961090088,1.04801344871521
1.055799961090088,1.034250259399414
1.134600043296814,1.1401859521865845
0.29019999504089355,0.30371761322021484
1.3982000350952148,1.3899577856063843
0.5604000091552734,0.5415030717849731
1.1461000442504883,1.130345344543457
0.2451999932527542,0.30371761322021484
0.6617000102996826,0.6451786756515503
1.34089994430542,1.322736144065857
0.6729999780654907,0.6845991015434265
1.2263000011444092,1.1951391696929932
0.3352000117301941,0.2994961142539978
0.9656999707221985,0.9418054223060608
1.134600043296814,1.1291391849517822
0.8418999910354614,0.8335757255554199
2.1659998893737793,2.145796298980713
1.0444999933242798,1.0485018491744995
0.9656999707221985,0.9650723338127136
1.6847000122070312,1.6737720966339111
1.8910000324249268,1.8590984344482422
1.2263000011444092,1.217594027519226
1.2034000158309937,1.202926516532898
1.6847000122070312,1.7571783065795898
1.8795000314712524,1.928183674812317
0.6729999780654907,0.6714327931404114
1.3293999433517456,1.346314549446106
1.2720999717712402,1.2572975158691406
0.30149999260902405,0.30371761322021484
0.63919997215271,0.630913496017456
1.409600019454956,1.3813656568527222
1.055799961090088,1.0128458738327026
1.6159000396728516,1.6694015264511108
1.9139000177383423,1.9545685052871704
1.2949999570846558,1.2969517707824707
1.7877999544143677,1.8193039894104004
1.6962000131607056,1.643877625465393
0.47029998898506165,0.4095795154571533
1.8795000314712524,2.0346028804779053
0.21140000224113464,0.30371761322021484
1.3293999433517456,1.3324083089828491
0.8981999754905701,0.8881157636642456
1.260699987411499,1.2485885620117188
1.2148000001907349,1.2035273313522339
1.010699987411499,1.0075544118881226
1.2949999570846558,1.2627888917922974
0.8644000291824341,0.8505685925483704
0.23389999568462372,0.2994961142539978
0.8531000018119812,0.8502193093299866
0.8755999803543091,0.8661123514175415
1.9711999893188477,1.992678165435791
2.234800100326538,2.2260966300964355
0.9545000195503235,0.9428467750549316
1.8681000471115112,1.880965232849121
1.0444999933242798,1.0433725118637085
1.9711999893188477,1.9544519186019897
1.3867000341415405,1.338447093963623
1.673200011253357,1.6981438398361206
0.63919997215271,0.606866180896759
0.7067999839782715,0.7139594554901123
0.7631000280380249,0.765483021736145
1.055799961090088,1.0203649997711182
1.7877999544143677,1.7808122634887695
1.6045000553131104,1.6288412809371948
1.7075999975204468,1.6918820142745972
1.010699987411499,0.9841145277023315
0.21140000224113464,0.30371761322021484
0.7293000221252441,0.7594154477119446
0.9319000244140625,0.924255907535553
0.9769999980926514,0.9627431631088257
1.2148000001907349,1.1993184089660645
2.074399948120117,2.0752289295196533
1.010699987411499,0.987524688243866
1.8336999416351318,1.8758183717727661
0.6166999936103821,0.6505133509635925
2.269200086593628,2.192572593688965
1.4326000213623047,1.4043396711349487
0.30149999260902405,0.2994961142539978
2.269200086593628,2.2533702850341797
1.9368000030517578,2.003082036972046
1.3179999589920044,1.3045344352722168
2.131700038909912,2.2197184562683105
1.8336999416351318,1.834229826927185
1.6847000122070312,1.6494027376174927
0.9545000195503235,0.9602815508842468
0.628000020980835,0.604374885559082
1.9598000049591064,1.9600635766983032
0.7631000280380249,0.7743275165557861
0.5491999983787537,0.5716924667358398
2.188999891281128,2.149956226348877
0.20010000467300415,0.30371761322021484
1.8681000471115112,1.9032403230667114
1.570099949836731,1.5901200771331787
0.492900013923645,0.5207427144050598
1.2720999717712402,1.2695051431655884
2.0171000957489014,2.015342950820923
0.4027999937534332,0.42510586977005005
0.2676999866962433,0.30371761322021484
0.63919997215271,0.6442850232124329
1.6962000131607056,1.7167357206344604
0.45910000801086426,0.5256393551826477
0.47029998898506165,0.47502434253692627
1.0444999933242798,1.030480980873108
0.5378999710083008,0.5593661069869995
1.2835999727249146,1.2823630571365356
0.45910000801086426,0.453391969203949
1.6847000122070312,1.7103246450424194
2.2004001140594482,2.2091667652130127
0.7179999947547913,0.7234261631965637
1.1690000295639038,1.1543809175491333
0.2563999891281128,0.2994961142539978
1.4668999910354614,1.4771758317947388
2.257699966430664,2.2827064990997314
1.9254000186920166,1.8974864482879639
1.570099949836731,1.606203317642212
1.5585999488830566,1.573706865310669
0.7404999732971191,0.7224528193473816
0.47029998898506165,0.46188998222351074
1.3867000341415405,1.346962332725525
1.3179999589920044,1.3089460134506226
1.982699990272522,2.021608352661133
1.34089994430542,1.3339365720748901
0.9994999766349792,0.9928807616233826
1.3293999433517456,1.3175572156906128
0.6617000102996826,0.6615006923675537
2.246299982070923,2.292905330657959
0.9431999921798706,0.9361818432807922
1.902400016784668,1.9168657064437866
0.3352000117301941,0.30371761322021484
2.154599905014038,2.2340166568756104
1.2949999570846558,1.2741730213165283
1.9483000040054321,1.9413317441940308
2.2004001140594482,2.134557008743286
1.9483000040054321,1.9166882038116455
1.6962000131607056,1.7387807369232178
1.6274000406265259,1.6698540449142456
0.3578000068664551,0.2994961142539978
1.9368000030517578,1.839026689529419
0.436599999666214,0.4639657139778137
1.1919000148773193,1.1810088157653809
0.6843000054359436,0.6352371573448181
2.0513999462127686,2.0389044284820557
0.63919997215271,0.6432983875274658
1.7648999691009521,1.8551329374313354
0.7856000065803528,0.7661524415016174
1.7877999544143677,1.7902148962020874
0.7631000280380249,0.7592915892601013
1.6389000415802002,1.6770288944244385
1.7075999975204468,1.7681456804275513
0.605400025844574,0.5725855827331543
0.7742999792098999,0.7870631217956543
0.9882000088691711,0.984336793422699
1.9483000040054321,2.0017294883728027
0.436599999666214,0.3940628170967102
2.0973000526428223,2.183018445968628
0.628000020980835,0.6042220592498779
2.0055999755859375,1.9882444143295288
1.7075999975204468,1.7114118337631226
1.9483000040054321,1.911999225616455
1.753499984741211,1.7179402112960815
1.8795000314712524,1.9385044574737549
1.6274000406265259,1.6131781339645386
0.36899998784065247,0.4149929881095886
0.6617000102996826,0.6673617959022522
1.34089994430542,1.2969754934310913
1.180400013923645,1.1587450504302979
2.2004001140594482,2.2021830081939697
0.27889999747276306,0.30371761322021484
1.0670000314712524,1.0508712530136108
1.30649995803833,1.3000439405441284
1.7419999837875366,1.7073169946670532
2.188999891281128,2.298685312271118
1.134600043296814,1.1412006616592407
1.753499984741211,1.7801802158355713
2.246299982070923,2.297987222671509
0.628000020980835,0.6392083168029785
0.48159998655319214,0.5077739357948303
0.36899998784065247,0.2994961142539978
1.4326000213623047,1.3876118659973145
2.177500009536743,2.1615006923675537
1.1575000286102295,1.1398926973342896
1.6045000553131104,1.5920050144195557
1.5242999792099,1.4972656965255737
0.5604000091552734,0.56704181432724
1.8221999406814575,1.8009092807769775
1.9483000040054321,1.9889838695526123
2.234800100326538,2.31931734085083
1.2034000158309937,1.16623055934906
0.38029998540878296,0.3847898244857788
0.8306000232696533,0.8478690981864929
2.0857999324798584,2.191226005554199
1.6847000122070312,1.7360888719558716
0.36899998784065247,0.30371761322021484
1.4783999919891357,1.4418495893478394
1.1461000442504883,1.1328856945037842
1.3982000350952148,1.4001924991607666
0.5942000150680542,0.5790829062461853
0.9093999862670898,0.8766683340072632
2.234800100326538,2.233684539794922
0.8418999910354614,0.8451264500617981
0.7404999732971191,0.7512446045875549
1.7075999975204468,1.7694050073623657
1.8221999406814575,1.8781806230545044
1.5815999507904053,1.6217105388641357
1.30649995803833,1.275577425956726
1.9711999893188477,2.0232760906219482
0.7631000280380249,0.75372713804245
1.363800048828125,1.389522910118103
0.5604000091552734,0.5745581388473511
0.5491999983787537,0.5330423712730408
0.8755999803543091,0.8566591739654541
0.22269999980926514,0.2994961142539978
1.8451000452041626,1.879319429397583
2.188999891281128,2.2741799354553223
1.5012999773025513,1.4761592149734497
2.177500009536743,2.1841506958007812
0.8981999754905701,0.9034661650657654
0.6617000102996826,0.6666485071182251
1.8221999406814575,1.853682041168213
0.8080999851226807,0.8056194186210632
1.7304999828338623,1.810385823249817
0.36899998784065247,0.2994961142539978
0.7631000280380249,0.7615408301353455
0.5828999876976013,0.5761268138885498
1.593000054359436,1.5603255033493042
1.7877999544143677,1.816813588142395
1.2263000011444092,1.1809364557266235
1.5127999782562256,1.5381938219070435
1.9711999893188477,1.9832208156585693
0.20010000467300415,0.30371761322021484
1.673200011253357,1.6989099979400635
1.7648999691009521,1.7065753936767578
0.8306000232696533,0.8185458183288574
1.4668999910354614,1.4481796026229858
1.6847000122070312,1.7562053203582764
0.9656999707221985,0.9456584453582764
0.9319000244140625,0.9298163652420044
0.22269999980926514,0.30371761322021484
0.6617000102996826,0.6736891269683838
0.6955000162124634,0.683219850063324
1.134600043296814,1.1259814500808716
2.1431000232696533,2.1880617141723633
1.0444999933242798,1.0172960758209229
2.1087000370025635,2.193125009536743
0.44780001044273376,0.47478336095809937
1.1461000442504883,1.1412324905395508
0.63919997215271,0.6474864482879639
0.39149999618530273,0.30371761322021484
1.363800048828125,1.364402413368225
1.9598000049591064,1.998549222946167
1.856600046157837,1.8418079614639282
1.2148000001907349,1.2002404928207397
1.0782999992370605,1.078671932220459
1.8336999416351318,1.9014902114868164
1.9483000040054321,1.9863420724868774
2.223299980163574,2.19380259513855
0.22269999980926514,0.2994961142539978
0.8194000124931335,0.8248845338821411
2.257699966430664,2.183976411819458
0.9994999766349792,1.0017821788787842
1.5471999645233154,1.4737142324447632
1.1919000148773193,1.1780062913894653
0.7856000065803528,0.8002945184707642
0.5491999983787537,0.5437858700752258
1.5356999635696411,1.5531851053237915
1.8107999563217163,1.941189169883728
2.0513999462127686,1.9864634275436401
1.1232999563217163,1.1079622507095337
1.180400013923645,1.154015064239502
0.8194000124931335,0.8387179374694824
1.1121000051498413,1.09701669216156
0.628000020980835,0.6260977387428284
0.8644000291824341,0.8556060194969177
1.5471999645233154,1.5751409530639648
1.6847000122070312,1.7235593795776367
0.9994999766349792,0.9939612746238708
1.8795000314712524,1.7924675941467285
2.0285000801086426,2.061692476272583
0.5716999769210815,0.5791853666305542
1.7304999828338623,1.7080351114273071
0.7968000173568726,0.7861406207084656
0.5041000247001648,0.5255271792411804
1.5127999782562256,1.4961966276168823
1.4211000204086304,1.4003528356552124
1.0670000314712524,1.0474239587783813
0.6955000162124634,0.7206056118011475
0.5378999710083008,0.5542371273040771
0.9545000195503235,0.9558347463607788
1.6274000406265259,1.5937751531600952
1.9254000186920166,1.9261722564697266
0.5942000150680542,0.6057127118110657
0.6166999936103821,0.5999217629432678
1.134600043296814,1.1243964433670044
1.1121000051498413,1.1013684272766113
1.363800048828125,1.3159583806991577
1.673200011253357,1.6505788564682007
2.1431000232696533,2.159071207046509
0.492900013923645,0.47549813985824585
0.7404999732971191,0.7119547128677368
0.6729999780654907,0.7007715106010437
1.4668999910354614,1.4600880146026611
2.0171000957489014,2.013975143432617
0.436599999666214,0.4100198745727539
1.1121000051498413,1.1034129858016968
0.30149999260902405,0.2994961142539978
0.2451999932527542,0.30371761322021484
1.2148000001907349,1.2060754299163818
0.8418999910354614,0.8497768640518188
1.6389000415802002,1.599831223487854
0.8755999803543091,0.882097601890564
0.6955000162124634,0.7178171277046204
0.9207000136375427,0.9046109318733215
1.4668999910354614,1.502402424812317
2.2004001140594482,2.283759832382202
0.22269999980926514,0.30371761322021484
1.9368000030517578,1.8931740522384644
2.1431000232696533,2.2524311542510986
0.5716999769210815,0.5686554908752441
1.4783999919891357,1.5214842557907104
0.492900013923645,0.49383777379989624
1.7877999544143677,1.7134922742843628
1.856600046157837,1.895885944366455
0.886900007724762,0.8502954244613647
1.753499984741211,1.789368987083435
0.6729999780654907,0.6647275686264038
1.010699987411499,0.9842460751533508
0.27889999747276306,0.30371761322021484
1.8795000314712524,1.879806637763977
1.134600043296814,1.123170018196106
0.9545000195503235,0.9256474375724792
0.751800000667572,0.7357262969017029
1.902400016784668,1.8791489601135254
1.0782999992370605,1.0591318607330322
1.9139000177383423,1.9732959270477295
0.2451999932527542,0.30371761322021484
0.414000004529953,0.2994961142539978
0.7968000173568726,0.7783282995223999
1.0444999933242798,1.038574457168579
1.7075999975204468,1.6711570024490356
1.5127999782562256,1.5318795442581177
1.8107999563217163,1.8787658214569092
2.0513999462127686,2.0937376022338867
0.5491999983787537,0.527715802192688
1.3179999589920044,1.3053492307662964
1.7877999544143677,1.8150595426559448
2.0171000957489014,2.0027709007263184
1.6618000268936157,1.7185173034667969
0.8080999851226807,0.8048111796379089
0.7179999947547913,0.7426801919937134
1.9598000049591064,2.0236589908599854
2.269200086593628,2.2963051795959473
1.4555000066757202,1.4511139392852783
2.211899995803833,2.2037975788116455
1.8107999563217163,1.8777540922164917
0.8194000124931335,0.8087085485458374
0.6729999780654907,0.6768097877502441
0.2451999932527542,0.30371761322021484
1.363800048828125,1.3676772117614746
0.9994999766349792,0.9847031831741333
1.6962000131607056,1.6953023672103882
1.5127999782562256,1.516915202140808
0.8755999803543091,0.8690109848976135
2.0629000663757324,2.039748191833496
0.8306000232696533,0.8358904123306274
1.7877999544143677,1.7778968811035156
1.3523000478744507,1.3645720481872559
0.5153999924659729,0.5547333359718323
0.492900013923645,0.3937658667564392
0.605400025844574,0.6229322552680969
1.055799961090088,1.0573253631591797
0.7742999792098999,0.7480558753013611
0.21140000224113464,0.2994961142539978
1.8221999406814575,1.8306547403335571
0.7067999839782715,0.7079873085021973
1.34089994430542,1.370374321937561
1.260699987411499,1.2359504699707031
0.9319000244140625,0.9157021045684814
0.48159998655319214,0.5036500096321106
1.7075999975204468,1.7543010711669922
1.9940999746322632,2.0173418521881104
1.6389000415802002,1.6611751317977905
0.4253000020980835,0.2994961142539978
1.856600046157837,1.8773276805877686
2.1659998893737793,2.1287994384765625
1.8681000471115112,1.8848568201065063
1.0782999992370605,1.0697803497314453
2.188999891281128,2.2142627239227295
0.20010000467300415,0.2994961142539978
0.8306000232696533,0.8154409527778625
2.211899995803833,2.2026078701019287
0.9093999862670898,0.8917263150215149
1.9483000040054321,2.128926992416382
0.38029998540878296,0.30371761322021484
1.3523000478744507,1.330446481704712
1.4326000213623047,1.408839225769043
2.246299982070923,2.195220947265625
0.23389999568462372,0.2994961142539978
2.0857999324798584,2.097735643386841
1.6962000131607056,1.7061364650726318
1.9368000030517578,1.9746582508087158
1.055799961090088,1.0482226610183716
2.0629000663757324,2.0103673934936523
2.234800100326538,2.254728078842163
2.1659998893737793,2.1400420665740967
1.5127999782562256,1.560801386833191
1.3753000497817993,1.3576074838638306
0.8755999803543091,0.853026270866394
0.9769999980926514,0.9826983213424683
1.8681000471115112,1.9032666683197021
2.0513999462127686,2.019064426422119
0.8531000018119812,0.8526614904403687
0.8418999910354614,0.8361697793006897
1.7877999544143677,1.7870208024978638
2.1659998893737793,2.191185712814331
1.8336999416351318,1.8055906295776367
0.492900013923645,0.44952392578125
0.20010000467300415,0.2994961142539978
0.3465000092983246,0.30371761322021484
2.211899995803833,2.243818521499634
2.0399999618530273,2.053704261779785
1.1919000148773193,1.181251883506775
0.36899998784065247,0.32422304153442383
2.1201999187469482,2.1746366024017334
0.5153999924659729,0.5411028265953064
0.9207000136375427,0.9209247827529907
1.5127999782562256,1.510717749595642
0.605400025844574,0.6068155169487
1.3179999589920044,1.277991771697998
2.2004001140594482,2.1744508743286133
1.8336999416351318,1.8920502662658691
2.1431000232696533,2.127647638320923
0.27889999747276306,0.30371761322021484
1.9254000186920166,2.0049092769622803
1.30649995803833,1.2965705394744873
0.7742999792098999,0.7722800970077515
0.44780001044273376,0.46481919288635254
1.363800048828125,1.3282831907272339
1.2835999727249146,1.2774182558059692
0.8531000018119812,0.8335502743721008
0.9882000088691711,0.9981848001480103
1.6847000122070312,1.7103434801101685
0.47029998898506165,0.4119642376899719
2.0973000526428223,1.985101342201233
1.8221999406814575,1.8832463026046753
0.8755999803543091,0.8567379117012024
1.6045000553131104,1.616560697555542
1.4783999919891357,1.5139716863632202
2.154599905014038,2.1249606609344482
0.9656999707221985,0.9532284736633301
1.902400016784668,1.9142850637435913
1.902400016784668,1.9445725679397583
0.5828999876976013,0.5895065069198608
0.7293000221252441,0.7531353235244751
0.48159998655319214,0.5413066148757935
1.9139000177383423,1.924124836921692
0.3127000033855438,0.30371761322021484
1.5356999635696411,1.577335238456726
2.154599905014038,2.2952404022216797
0.44780001044273376,0.41797274351119995
2.0857999324798584,2.1907403469085693
1.5356999635696411,1.5165555477142334
1.4555000066757202,1.4508651494979858
1.6503000259399414,1.5913887023925781
1.5012999773025513,1.456839680671692
1.5815999507904053,1.521546483039856
1.6274000406265259,1.5941698551177979
1.5585999488830566,1.618971347808838
0.436599999666214,0.43424081802368164
0.45910000801086426,0.2994961142539978
1.5815999507904053,1.557931900024414
1.34089994430542,1.310900330543518
1.134600043296814,1.1263179779052734
2.0171000957489014,2.1632606983184814
1.2376999855041504,1.2270883321762085
1.3753000497817993,1.3310027122497559
0.7631000280380249,0.7504400610923767
1.9139000177383423,1.9147789478302002
1.409600019454956,1.448730230331421
1.444000005722046,1.4442323446273804
0.3465000092983246,0.41938555240631104
1.055799961090088,1.0379739999771118
0.5942000150680542,0.6035829782485962
1.593000054359436,1.5544668436050415
0.3240000009536743,0.2994961142539978
0.47029998898506165,0.5500648617744446
0.6955000162124634,0.6951783895492554
0.7742999792098999,0.7604835033416748
0.436599999666214,0.4204587936401367
0.751800000667572,0.7514657974243164
2.2004001140594482,2.232769250869751
0.7404999732971191,0.755577564239502
1.4211000204086304,1.4345524311065674
0.436599999666214,0.46430373191833496
0.2676999866962433,0.30371761322021484
0.6166999936103821,0.5468630790710449
1.7763999700546265,1.6963895559310913
1.6159000396728516,1.6286301612854004
1.0333000421524048,1.0199319124221802
2.131700038909912,2.0847935676574707
1.8221999406814575,1.8108446598052979
1.5471999645233154,1.5356838703155518
0.6843000054359436,0.665692150592804
1.7304999828338623,1.7454516887664795
0.7179999947547913,0.7425544857978821
1.2949999570846558,1.2874811887741089
0.886900007724762,0.8967489004135132
0.9207000136375427,0.917930006980896
1.6618000268936157,1.679063081741333
2.0171000957489014,2.0816991329193115
1.593000054359436,1.6213454008102417
0.9769999980926514,0.9689868092536926
1.9139000177383423,1.9996579885482788
1.363800048828125,1.3641300201416016
0.21140000224113464,0.2994961142539978
0.63919997215271,0.6113237142562866
1.982699990272522,1.9559658765792847
2.211899995803833,2.270522356033325
1.5815999507904053,1.5934839248657227
1.2263000011444092,1.2381435632705688
0.5266000032424927,0.5290451049804688
1.1461000442504883,1.1394716501235962
1.5242999792099,1.4979517459869385
1.2034000158309937,1.1936042308807373
1.3982000350952148,1.3799479007720947
1.6618000268936157,1.613040804862976
0.492900013923645,0.491183876991272
1.4668999910354614,1.4479291439056396
0.8531000018119812,0.8144356608390808
1.1232999563217163,1.1024054288864136
0.5828999876976013,0.6013155579566956
0.7742999792098999,0.7705339193344116
0.9093999862670898,0.9050177931785583
0.9994999766349792,0.9898799657821655
0.3465000092983246,0.2994961142539978
0.29019999504089355,0.2994961142539978
1.7763999700546265,1.8404461145401
0.7968000173568726,0.8179596662521362
0.8418999910354614,0.8143513202667236
1.753499984741211,1.859255313873291
0.3465000092983246,0.30371761322021484
0.7968000173568726,0.8156618475914001
0.30149999260902405,0.30371761322021484
1.7419999837875366,1.7267115116119385
1.2835999727249146,1.289801836013794
0.6729999780654907,0.674278199672699
0.5716999769210815,0.5924258232116699
0.6166999936103821,0.5823894739151001
1.010699987411499,1.0076807737350464
1.753499984741211,1.7530498504638672
0.8755999803543091,0.8530283570289612
0.38029998540878296,0.2994961142539978
2.269200086593628,2.3149709701538086
1.010699987411499,1.0054526329040527
0.9545000195503235,0.9437958002090454
1.9483000040054321,2.001704692840576
2.2004001140594482,2.127208948135376
0.8644000291824341,0.8538583517074585
1.7648999691009521,1.7430421113967896
0.20010000467300415,0.2994961142539978
0.9545000195503235,0.9523098468780518
0.8418999910354614,0.8368939161300659
1.7763999700546265,1.8352941274642944
0.8418999910354614,0.8138877153396606
0.9882000088691711,0.9702925682067871
2.269200086593628,2.2526402473449707
1.7648999691009521,1.7376468181610107
0.9882000088691711,0.9971138834953308
1.593000054359436,1.5731598138809204
1.1008000373840332,1.0716241598129272
0.9093999862670898,0.9274671077728271
2.154599905014038,2.1193556785583496
1.1575000286102295,1.1514581441879272
1.0895999670028687,1.0808665752410889
1.134600043296814,1.1452780961990356
0.8644000291824341,0.8691743612289429
1.2720999717712402,1.2492705583572388
1.9139000177383423,1.9489398002624512
0.27889999747276306,0.2994961142539978
1.134600043296814,1.1290053129196167
1.753499984741211,1.752640724182129
0.9093999862670898,0.90263432264328
0.5491999983787537,0.5317814350128174
0.36899998784065247,0.30371761322021484
1.0444999933242798,1.0199179649353027
0.9769999980926514,0.9594991207122803
0.8755999803543091,0.8755468726158142
1.570099949836731,1.5477076768875122
1.799299955368042,1.8449281454086304
0.7968000173568726,0.8078392744064331
0.9656999707221985,0.9593073129653931
0.8531000018119812,0.8455846905708313
0.8418999910354614,0.8451981544494629
1.9711999893188477,1.9345868825912476
0.7404999732971191,0.7123558521270752
1.593000054359436,1.5551213026046753
2.0055999755859375,1.9242976903915405
1.593000054359436,1.573352575302124
0.5153999924659729,0.44993001222610474
2.1087000370025635,2.2190701961517334
1.4668999910354614,1.4506016969680786
0.436599999666214,0.30371761322021484
1.9483000040054321,1.9934871196746826
1.7304999828338623,1.7269537448883057
1.1008000373840332,1.1039178371429443
2.0513999462127686,2.0564539432525635
1.8451000452041626,1.8026396036148071
0.9994999766349792,0.9763892292976379
1.719099998474121,1.6952128410339355
1.8910000324249268,1.8808447122573853
2.2004001140594482,2.0922486782073975
1.4783999919891357,1.4576095342636108
0.4253000020980835,0.2994961142539978
1.2720999717712402,1.2843992710113525
2.0513999462127686,2.0724987983703613
2.154599905014038,2.0492453575134277
0.3127000033855438,0.30371761322021484
1.1919000148773193,1.1759620904922485
2.0513999462127686,2.1173062324523926
0.7742999792098999,0.7778985500335693
0.7404999732971191,0.7578437924385071
1.9368000030517578,1.9696142673492432
0.6729999780654907,0.6487221121788025
1.409600019454956,1.3920551538467407
0.5604000091552734,0.5390194058418274
1.1461000442504883,1.1266236305236816
1.8221999406814575,1.8588324785232544
0.751800000667572,0.7363727688789368
1.260699987411499,1.257243275642395
1.2376999855041504,1.2457976341247559
1.8681000471115112,1.9400228261947632
0.8080999851226807,0.8171510100364685
0.5716999769210815,0.554108738899231
1.1575000286102295,1.1502468585968018
1.3293999433517456,1.3179597854614258
1.7648999691009521,1.7119060754776
1.2376999855041504,1.2050186395645142
1.3982000350952148,1.4181270599365234
0.9093999862670898,0.9208071231842041
0.20010000467300415,0.30371761322021484
0.8981999754905701,0.9151190519332886
1.4211000204086304,1.4411351680755615
1.1121000051498413,1.0925540924072266
0.48159998655319214,0.4736737608909607
1.7763999700546265,1.758437991142273
0.7067999839782715,0.7164984941482544
1.1008000373840332,1.0860846042633057
1.2491999864578247,1.2159740924835205
1.593000054359436,1.59770929813385
0.628000020980835,0.6265343427658081
0.9319000244140625,0.932864248752594
1.6274000406265259,1.6593064069747925
2.234800100326538,2.1693506240844727
0.7404999732971191,0.7285680770874023
0.47029998898506165,0.49410349130630493
0.7631000280380249,0.7478837966918945
0.29019999504089355,0.2994961142539978
0.8644000291824341,0.8333642482757568
1.719099998474121,1.8538440465927124
1.0895999670028687,1.0773564577102661
1.7648999691009521,1.7636752128601074
1.4668999910354614,1.4303443431854248
2.188999891281128,2.1492772102355957
0.7856000065803528,0.7838417887687683
0.44780001044273376,0.30371761322021484
2.177500009536743,2.145852565765381
1.3293999433517456,1.3278645277023315
0.9769999980926514,0.9477434158325195
2.234800100326538,2.266063928604126
1.7075999975204468,1.736653208732605
0.436599999666214,0.2994961142539978
0.47029998898506165,0.4785148501396179
1.2376999855041504,1.2426791191101074
0.4027999937534332,0.4148179888725281
1.30649995803833,1.2706485986709595
0.414000004529953,0.2994961142539978
1.444000005722046,1.4598315954208374
1.593000054359436,1.6194872856140137
0.436599999666214,0.4058305621147156
0.8981999754905701,0.8846699595451355
0.9994999766349792,0.9936080574989319
0.5828999876976013,0.5694352984428406
1.6618000268936157,1.6727547645568848
1.6503000259399414,1.6908293962478638
1.982699990272522,1.9241042137145996
1.055799961090088,1.0373055934906006
0.5491999983787537,0.5915229916572571
0.7631000280380249,0.7855384945869446
1.48989999294281,1.4563261270523071
0.7968000173568726,0.7474401593208313
1.9483000040054321,1.945410966873169
1.7304999828338623,1.6787880659103394
2.257699966430664,2.177098035812378
2.0973000526428223,2.139561414718628
1.9598000049591064,1.9763997793197632
0.414000004529953,0.30371761322021484
1.2376999855041504,1.2116303443908691
2.0973000526428223,2.253697156906128
1.2376999855041504,1.2343806028366089
0.5942000150680542,0.6060845851898193
1.2376999855041504,1.2411081790924072
1.444000005722046,1.4666908979415894
1.134600043296814,1.1380844116210938
0.6166999936103821,0.6101832389831543
0.9545000195503235,0.9473013281822205
1.9368000030517578,2.021704912185669
0.8194000124931335,0.8277793526649475
0.2451999932527542,0.2994961142539978
1.9711999893188477,2.0057904720306396
1.9254000186920166,1.920785665512085
1.4211000204086304,1.4202487468719482
0.5942000150680542,0.5797014236450195
0.5153999924659729,0.5295104384422302
0.9207000136375427,0.9111425876617432
1.1232999563217163,1.101500153541565
1.6159000396728516,1.6151955127716064
0.7179999947547913,0.7038784623146057
0.4253000020980835,0.2994961142539978
2.0973000526428223,2.1592791080474854
0.38029998540878296,0.30371761322021484
1.9711999893188477,2.0027735233306885
1.1690000295639038,1.151687741279602
1.010699987411499,1.0103756189346313
0.39149999618530273,0.2994961142539978
0.45910000801086426,0.4572448134422302
0.6955000162124634,0.6858274936676025
1.1121000051498413,1.1045445203781128
2.131700038909912,2.0498528480529785
1.9254000186920166,1.8478832244873047
1.6618000268936157,1.6884241104125977
2.0629000663757324,2.0842249393463135
0.27889999747276306,0.2994961142539978
1.2148000001907349,1.2215282917022705
0.9545000195503235,0.9559634327888489
0.5266000032424927,0.532534658908844
1.982699990272522,1.902621865272522
1.6847000122070312,1.633825421333313
2.131700038909912,2.1873855590820312
1.5356999635696411,1.5706439018249512
0.414000004529953,0.44817429780960083
0.3240000009536743,0.30371761322021484
1.7075999975204468,1.7338595390319824
2.257699966430664,2.2030391693115234
0.6166999936103821,0.6170944571495056
0.492900013923645,0.4941673278808594
0.8531000018119812,0.868078351020813
0.436599999666214,0.48202019929885864
1.753499984741211,1.7686469554901123
1.0333000421524048,1.0466759204864502
0.4027999937534332,0.2994961142539978
1.7075999975204468,1.7204049825668335
1.3753000497817993,1.388871431350708
1.902400016784668,1.875373363494873
0.8981999754905701,0.877764105796814
0.9656999707221985,0.9407262206077576
1.2949999570846558,1.287506103515625
1.9483000040054321,2.012850522994995
0.7179999947547913,0.7153838872909546
1.7419999837875366,1.8100214004516602
2.074399948120117,2.140444040298462
1.7763999700546265,1.7940248250961304
0.45910000801086426,0.41363000869750977
1.719099998474121,1.6500799655914307
1.1690000295639038,1.1440411806106567
1.902400016784668,1.9623907804489136
1.2034000158309937,1.1997748613357544
0.9319000244140625,0.9275374412536621
2.0513999462127686,1.989155650138855
1.719099998474121,1.7023210525512695
0.9093999862670898,0.8968998193740845
0.7293000221252441,0.7675158381462097
0.22269999980926514,0.30371761322021484
1.6389000415802002,1.7065424919128418
0.7631000280380249,0.7633306980133057
1.6045000553131104,1.568528175354004
0.5041000247001648,0.5524142384529114
1.673200011253357,1.6586023569107056
1.6159000396728516,1.6131945848464966
1.6045000553131104,1.6224485635757446
2.246299982070923,2.2858917713165283
0.2676999866962433,0.2994961142539978
2.0629000663757324,2.1547956466674805
1.7304999828338623,1.6797006130218506
1.1575000286102295,1.1427128314971924
0.5041000247001648,0.5446609258651733
1.5242999792099,1.4954252243041992
0.6729999780654907,0.6932163238525391
1.5471999645233154,1.541276454925537
2.0973000526428223,2.1315619945526123
1.7075999975204468,1.7278470993041992
0.27889999747276306,0.30371761322021484
2.0171000957489014,2.1415395736694336
1.3982000350952148,1.3651000261306763
1.2376999855041504,1.225942850112915
0.5041000247001648,0.5246163606643677
0.23389999568462372,0.2994961142539978
0.5942000150680542,0.599930465221405
0.3127000033855438,0.2994961142539978
0.9093999862670898,0.8867998123168945
0.8644000291824341,0.8645467162132263
0.8755999803543091,0.888582170009613
2.131700038909912,2.1357040405273438
0.5491999983787537,0.538253664970398
0.628000020980835,0.6468994617462158
2.0513999462127686,1.9904272556304932
0.5378999710083008,0.5006564259529114
1.6159000396728516,1.611060619354248
0.9207000136375427,0.9129632115364075
2.234800100326538,2.1366543769836426
1.6962000131607056,1.6923578977584839
0.30149999260902405,0.30371761322021484
2.1087000370025635,2.167818784713745
1.8795000314712524,1.8705766201019287
0.4027999937534332,0.30371761322021484
0.63919997215271,0.6355945467948914
1.6389000415802002,1.673607587814331
2.0629000663757324,2.098736524581909
0.436599999666214,0.43723785877227783
0.8644000291824341,0.850784420967102
0.6843000054359436,0.6929556131362915
1.1232999563217163,1.1129095554351807
1.2148000001907349,1.207037091255188
1.1919000148773193,1.1693470478057861
0.9994999766349792,0.9949005842208862
0.47029998898506165,0.4823821783065796
0.48159998655319214,0.4372110962867737
1.6159000396728516,1.6869791746139526
1.3867000341415405,1.3622725009918213
1.9598000049591064,2.044410228729248
0.2451999932527542,0.2994961142539978
1.055799961090088,1.0329989194869995
0.414000004529953,0.41608500480651855
1.3523000478744507,1.332105040550232
1.6159000396728516,1.5841200351715088
2.1201999187469482,2.16802978515625
2.0055999755859375,1.9281537532806396
0.628000020980835,0.619194746017456
1.2376999855041504,1.2166749238967896
1.7763999700546265,1.6742680072784424
1.0782999992370605,1.0645806789398193
2.1087000370025635,2.2418792247772217
2.0285000801086426,2.148344039916992
0.628000020980835,0.6228619813919067
1.6503000259399414,1.6036862134933472
1.7763999700546265,1.7694026231765747
0.6504999995231628,0.6591771841049194
2.0171000957489014,2.1020097732543945
0.3465000092983246,0.30371761322021484
1.2376999855041504,1.198649287223816
0.5266000032424927,0.5539575815200806
0.7631000280380249,0.7718302011489868
0.492900013923645,0.44938743114471436
0.9431999921798706,0.9282829165458679
0.7293000221252441,0.7204908132553101
1.3179999589920044,1.2891350984573364
0.751800000667572,0.7113161683082581
1.1575000286102295,1.1530945301055908
0.3240000009536743,0.2994961142539978
1.3982000350952148,1.3727997541427612
2.177500009536743,2.1983695030212402
0.8080999851226807,0.790915846824646
0.5604000091552734,0.5487547516822815
2.0399999618530273,2.0744850635528564
0.7742999792098999,0.7929808497428894
1.5012999773025513,1.483681559562683
1.34089994430542,1.3209593296051025
1.3982000350952148,1.419838547706604
0.2676999866962433,0.2994961142539978
1.7304999828338623,1.7400164604187012
0.6843000054359436,0.6546714305877686
1.180400013923645,1.1569182872772217
1.6847000122070312,1.6965534687042236
0.4253000020980835,0.4554855227470398
0.5828999876976013,0.5844102501869202
0.9769999980926514,0.9628771543502808
0.6166999936103821,0.6023727059364319
2.0399999618530273,2.1542086601257324
1.6045000553131104,1.6103668212890625
0.8644000291824341,0.8603267669677734
0.8194000124931335,0.8013530373573303
2.074399948120117,2.1023542881011963
1.9711999893188477,2.0429909229278564
0.9545000195503235,0.9561036229133606
1.6045000553131104,1.572246789932251
0.7179999947547913,0.7309735417366028
1.9598000049591064,1.969480037689209
0.2563999891281128,0.30371761322021484
1.0333000421524048,1.0196878910064697
1.7304999828338623,1.7513718605041504
1.30649995803833,1.3022416830062866
1.902400016784668,1.9680544137954712
0.9093999862670898,0.8965730667114258
2.1201999187469482,2.20931077003479
1.5127999782562256,1.4626394510269165
1.1575000286102295,1.1425317525863647
0.44780001044273376,0.41054755449295044
2.234800100326538,2.2866969108581543
1.7877999544143677,1.809188961982727
0.9545000195503235,0.9149509072303772
2.154599905014038,2.0688467025756836
1.6847000122070312,1.7621684074401855
2.223299980163574,2.2839534282684326
0.9093999862670898,0.9056241512298584
1.1575000286102295,1.149029016494751
1.6618000268936157,1.6082217693328857
2.0973000526428223,2.0838475227355957
2.0629000663757324,2.0586299896240234
1.8681000471115112,1.8805159330368042
1.7419999837875366,1.7638537883758545
0.36899998784065247,0.2994961142539978
0.30149999260902405,0.30371761322021484
1.6847000122070312,1.6212077140808105
0.23389999568462372,0.2994961142539978
2.234800100326538,2.2686450481414795
2.0629000663757324,2.0675952434539795
1.363800048828125,1.3696939945220947
0.44780001044273376,0.5078173875808716
1.6159000396728516,1.5765082836151123
1.5471999645233154,1.5525240898132324
0.3578000068664551,0.4127082824707031
2.0285000801086426,2.0775227546691895
0.3127000033855438,0.2994961142539978
0.23389999568462372,0.2994961142539978
2.0857999324798584,2.1517117023468018
1.7877999544143677,1.7995418310165405
0.5378999710083008,0.5271509885787964
1.0782999992370605,1.0670665502548218
0.5266000032424927,0.5397376418113708
1.0333000421524048,1.0488121509552002
1.3753000497817993,1.3889031410217285
0.36899998784065247,0.30371761322021484
0.9545000195503235,0.949580729007721
1.3523000478744507,1.3629482984542847
0.9207000136375427,0.9270290732383728
0.751800000667572,0.7507615685462952
0.48159998655319214,0.5098139643669128
1.1575000286102295,1.1493103504180908
2.0285000801086426,2.0501060485839844
1.2148000001907349,1.1924514770507812
1.1690000295639038,1.1444694995880127
1.2148000001907349,1.2092972993850708
0.21140000224113464,0.30371761322021484
1.570099949836731,1.5526843070983887
1.9254000186920166,1.9328049421310425
1.5585999488830566,1.5173439979553223
2.1087000370025635,2.1555280685424805
1.0670000314712524,1.0442821979522705
1.5585999488830566,1.5224852561950684
1.34089994430542,1.329752802848816
1.9254000186920166,1.9948643445968628
1.6618000268936157,1.6504509449005127
1.9940999746322632,1.9723050594329834
1.4668999910354614,1.4615782499313354
0.7179999947547913,0.714805543422699
1.3982000350952148,1.3929378986358643
1.134600043296814,1.125026822090149
1.6962000131607056,1.684496283531189
1.6847000122070312,1.7433154582977295
0.8194000124931335,0.8215941190719604
2.234800100326538,2.275510311126709
1.4326000213623047,1.4103286266326904
1.0782999992370605,1.0522810220718384
1.260699987411499,1.2619459629058838
1.3753000497817993,1.377609372138977
0.5716999769210815,0.5532352924346924
0.5828999876976013,0.5638823509216309
1.8681000471115112,1.9618333578109741
1.4555000066757202,1.4460549354553223
1.5356999635696411,1.5520216226577759
1.673200011253357,1.6692837476730347
0.628000020980835,0.6343225240707397
0.5942000150680542,0.5970669984817505
1.1008000373840332,1.0846720933914185
1.2148000001907349,1.2038536071777344
1.2148000001907349,1.19150710105896
1.0444999933242798,1.0198341608047485
1.6618000268936157,1.7036267518997192
0.9769999980926514,0.968944787979126
1.2720999717712402,1.2723132371902466
0.628000020980835,0.6202232837677002
2.0171000957489014,2.0623619556427
1.6847000122070312,1.6943055391311646
2.1431000232696533,2.2363803386688232
1.1461000442504883,1.137877106666565
0.4253000020980835,0.3843553066253662
1.3867000341415405,1.3948572874069214
1.6159000396728516,1.5746146440505981
0.5378999710083008,0.5473353266716003
1.260699987411499,1.2630280256271362
1.856600046157837,1.8808969259262085
1.5356999635696411,1.563673973083496
0.2563999891281128,0.30371761322021484
1.5242999792099,1.5004523992538452
1.673200011253357,1.6636826992034912
0.436599999666214,0.43695908784866333
1.409600019454956,1.3937195539474487
2.234800100326538,2.2397024631500244
2.188999891281128,2.2300329208374023
1.3179999589920044,1.2983417510986328
1.2491999864578247,1.2322803735733032
0.48159998655319214,0.4928639531135559
1.9254000186920166,1.9504011869430542
0.9882000088691711,0.9839589595794678
0.5491999983787537,0.5506832599639893
0.3240000009536743,0.2994961142539978
1.4555000066757202,1.478196620941162
1.0782999992370605,1.0615767240524292
0.2451999932527542,0.30371761322021484
1.9368000030517578,1.8697311878204346
1.5012999773025513,1.5125641822814941
1.1461000442504883,1.1323148012161255
1.48989999294281,1.489900827407837
1.0670000314712524,1.0487713813781738
1.2491999864578247,1.2395683526992798
1.7648999691009521,1.680430293083191
2.0285000801086426,2.021420955657959
2.0399999618530273,2.053636312484741
1.3179999589920044,1.2819843292236328
1.7304999828338623,1.6747758388519287
0.8981999754905701,0.8986823558807373
1.6159000396728516,1.6066594123840332
1.444000005722046,1.4552217721939087
1.6159000396728516,1.6164202690124512
0.9093999862670898,0.8997413516044617
2.234800100326538,2.2573769092559814
0.9994999766349792,0.9940459132194519
0.5491999983787537,0.55022132396698
1.2720999717712402,1.2494040727615356
1.2949999570846558,1.2999852895736694
0.48159998655319214,0.5091918110847473
2.0055999755859375,2.0252017974853516
0.9207000136375427,0.9215413928031921
0.8194000124931335,0.8150659799575806
1.5471999645233154,1.5466939210891724
0.7293000221252441,0.7129818797111511
0.628000020980835,0.6294453144073486
1.673200011253357,1.6564913988113403
1.7304999828338623,1.6405268907546997
1.9711999893188477,1.9225212335586548
1.8451000452041626,1.8634554147720337
0.5378999710083008,0.5484197735786438
0.5378999710083008,0.5227679014205933
1.1690000295639038,1.1659796237945557
1.7763999700546265,1.8235702514648438
0.6617000102996826,0.6695111393928528
0.48159998655319214,0.4627571702003479
0.23389999568462372,0.30371761322021484
1.3982000350952148,1.3726569414138794
0.3352000117301941,0.2994961142539978
0.21140000224113464,0.30371761322021484
1.1008000373840332,1.097106695175171
1.7304999828338623,1.8264274597167969
2.1201999187469482,2.1683008670806885
0.9545000195503235,0.9354984164237976
2.177500009536743,2.207087755203247
0.9093999862670898,0.9006315469741821
2.0399999618530273,2.012413501739502
0.751800000667572,0.736443817615509
1.5356999635696411,1.5478811264038086
1.8451000452041626,1.8498982191085815
1.3753000497817993,1.3388243913650513
2.1659998893737793,2.259049654006958
0.6166999936103821,0.6104788780212402
1.3982000350952148,1.3919363021850586
1.1690000295639038,1.1563628911972046
0.8306000232696533,0.8255026936531067
0.605400025844574,0.59166419506073
0.47029998898506165,0.4663630723953247
0.9769999980926514,0.9822814464569092
0.6166999936103821,0.6130766272544861
1.799299955368042,1.8205772638320923
0.8981999754905701,0.9080550074577332
2.1431000232696533,2.2225100994110107
2.0973000526428223,2.1688649654388428
1.719099998474121,1.7289336919784546
1.260699987411499,1.263647198677063
0.9769999980926514,0.9620736837387085
1.180400013923645,1.157527208328247
1.9483000040054321,1.9280914068222046
0.48159998655319214,0.5142570734024048
0.7631000280380249,0.7594163417816162
0.5828999876976013,0.5538399815559387
1.4326000213623047,1.42825448513031
1.260699987411499,1.2372583150863647
1.3867000341415405,1.3369355201721191
1.48989999294281,1.4692422151565552
1.7304999828338623,1.7572972774505615
0.8306000232696533,0.8403492569923401
1.8107999563217163,1.8852713108062744
1.48989999294281,1.4601327180862427
1.7648999691009521,1.7278556823730469
1.6389000415802002,1.6481242179870605
0.7856000065803528,0.7801513671875
0.5491999983787537,0.5303627848625183
1.2949999570846558,1.2694294452667236
1.9139000177383423,1.9893463850021362
0.9994999766349792,1.006260871887207
1.180400013923645,1.175236701965332
1.8910000324249268,1.8501684665679932
0.5942000150680542,0.59495609998703
1.902400016784668,1.8887680768966675
1.593000054359436,1.6110836267471313
1.0333000421524048,1.0301284790039062
2.211899995803833,2.2523250579833984
0.9431999921798706,0.9129759669303894
1.7419999837875366,1.7129169702529907
1.6389000415802002,1.6103826761245728
1.0333000421524048,1.026967167854309
0.8418999910354614,0.8342223167419434
2.0285000801086426,2.004399061203003
2.074399948120117,2.0910580158233643
1.7419999837875366,1.7760120630264282
0.27889999747276306,0.30371761322021484
1.982699990272522,1.9079980850219727
0.45910000801086426,0.40011245012283325
1.6847000122070312,1.667052149772644
1.593000054359436,1.5596022605895996
0.7067999839782715,0.6960849165916443
0.48159998655319214,0.5428417325019836
2.0171000957489014,2.0311763286590576
1.8451000452041626,1.8702527284622192
0.6617000102996826,0.6563796997070312
0.20010000467300415,0.30371761322021484
1.5471999645233154,1.514730453491211
1.134600043296814,1.0967036485671997
0.48159998655319214,0.44107890129089355
1.2835999727249146,1.2871490716934204
1.8336999416351318,1.7359942197799683
1.134600043296814,1.1126494407653809
1.3523000478744507,1.3220852613449097
0.7067999839782715,0.7208206057548523
1.134600043296814,1.125199794769287
0.9769999980926514,0.9605710506439209
0.4027999937534332,0.2994961142539978
0.5942000150680542,0.6064697504043579
1.719099998474121,1.7602587938308716
2.0285000801086426,2.0450992584228516
0.23389999568462372,0.2994961142539978
2.223299980163574,2.208569288253784
0.8755999803543091,0.8688665628433228
2.177500009536743,2.1818361282348633
0.21140000224113464,0.30371761322021484
1.9254000186920166,1.9519907236099243
1.6045000553131104,1.5541735887527466
0.3127000033855438,0.2994961142539978
0.9769999980926514,0.9617929458618164
2.0399999618530273,1.9943904876708984
0.5378999710083008,0.5407241582870483
0.8080999851226807,0.7885591387748718
1.4783999919891357,1.4938079118728638
0.414000004529953,0.431640088558197
0.751800000667572,0.694907546043396
0.6955000162124634,0.6994529962539673
0.7067999839782715,0.6951029300689697
2.223299980163574,2.1083312034606934
1.8107999563217163,1.8083776235580444
2.1659998893737793,2.1482136249542236
1.2720999717712402,1.2437552213668823
2.234800100326538,2.2048821449279785
0.8194000124931335,0.8150182366371155
1.3753000497817993,1.3477932214736938
0.5041000247001648,0.48120391368865967
0.9545000195503235,0.9590630531311035
0.44780001044273376,0.42557477951049805
0.8306000232696533,0.794978678226471
0.38029998540878296,0.2994961142539978
0.3465000092983246,0.2994961142539978
1.8451000452041626,1.821677565574646
0.5491999983787537,0.5821937322616577
0.9994999766349792,0.9631726741790771
0.7742999792098999,0.7847291827201843
2.1659998893737793,2.146286725997925
0.63919997215271,0.6228435635566711
1.9368000030517578,1.9034936428070068
0.7293000221252441,0.7221901416778564
1.055799961090088,1.0587760210037231
1.3179999589920044,1.3042796850204468
1.0895999670028687,1.0799640417099
2.0171000957489014,1.9812945127487183
1.3179999589920044,1.3106255531311035
0.2451999932527542,0.30371761322021484
1.9940999746322632,2.0812253952026367
1.3293999433517456,1.3087691068649292
1.3753000497817993,1.3327701091766357
1.055799961090088,1.0459983348846436
0.9319000244140625,0.9323596954345703
1.260699987411499,1.2186332941055298
2.223299980163574,2.178081750869751
0.36899998784065247,0.30371761322021484
2.0973000526428223,2.1165804862976074
1.902400016784668,1.835592269897461
1.9139000177383423,1.9012119770050049
1.4326000213623047,1.4114978313446045
0.9994999766349792,0.9955819845199585
1.5012999773025513,1.5362663269042969
1.134600043296814,1.1352434158325195
1.8795000314712524,1.8166853189468384
0.3127000033855438,0.30371761322021484
2.269200086593628,2.3066372871398926
1.6159000396728516,1.6001157760620117
1.6045000553131104,1.568780541419983
1.5012999773025513,1.478209376335144
2.0973000526428223,2.1017041206359863
1.4668999910354614,1.443399429321289
2.257699966430664,2.3159358501434326
1.134600043296814,1.104932188987732
0.8981999754905701,0.8941614031791687
1.3867000341415405,1.3926995992660522
1.3753000497817993,1.3577936887741089
0.7631000280380249,0.7488692998886108
1.3867000341415405,1.3711744546890259
0.6617000102996826,0.6592839360237122
1.673200011253357,1.7170443534851074
1.0670000314712524,1.0629315376281738
1.3179999589920044,1.2825318574905396
0.7742999792098999,0.7490769028663635
1.9139000177383423,1.927556037902832
2.0629000663757324,2.101306200027466
1.0219999551773071,1.007286787033081
2.177500009536743,2.1597816944122314
1.444000005722046,1.4328687191009521
0.9207000136375427,0.9003225564956665
0.8755999803543091,0.8494427800178528
0.751800000667572,0.7739466428756714
0.6955000162124634,0.6918755173683167
0.8306000232696533,0.8049693703651428
0.7742999792098999,0.7542401552200317
1.2034000158309937,1.1855686902999878
1.1461000442504883,1.1424028873443604
1.134600043296814,1.1266454458236694
2.0857999324798584,2.1320576667785645
1.8107999563217163,1.837915062904358
0.30149999260902405,0.30371761322021484
1.719099998474121,1.7909201383590698
1.8221999406814575,1.7347720861434937
0.27889999747276306,0.2994961142539978
1.5471999645233154,1.5931257009506226
2.0171000957489014,2.003297805786133
0.9882000088691711,0.9841503500938416
1.6503000259399414,1.6872063875198364
1.5127999782562256,1.4679509401321411
0.7742999792098999,0.775516927242279
1.5585999488830566,1.5411086082458496
0.6166999936103821,0.6021156311035156
0.7742999792098999,0.7744547128677368
1.7877999544143677,1.8399806022644043
0.29019999504089355,0.30371761322021484
0.47029998898506165,0.396369993686676
1.8107999563217163,1.915575385093689
0.21140000224113464,0.30371761322021484
1.856600046157837,1.8904979228973389
1.9598000049591064,1.9689220190048218
0.9545000195503235,0.950972318649292
0.38029998540878296,0.36966586112976074
1.010699987411499,0.99949711561203
1.260699987411499,1.2376922369003296
2.177500009536743,2.2932631969451904
0.7968000173568726,0.802791178226471
1.9940999746322632,2.047893524169922
1.7763999700546265,1.7702680826187134
0.8418999910354614,0.8414203524589539
1.3982000350952148,1.4165918827056885
1.363800048828125,1.3618454933166504
2.0055999755859375,2.0060362815856934
1.7419999837875366,1.715984582901001
1.4783999919891357,1.4754745960235596
1.9254000186920166,1.96497642993927
0.8755999803543091,0.8824585676193237
1.6962000131607056,1.6978018283843994
0.21140000224113464,0.30371761322021484
0.3240000009536743,0.30371761322021484
0.2563999891281128,0.30371761322021484
1.134600043296814,1.1169543266296387
0.9769999980926514,0.9536105990409851
1.9254000186920166,1.8090115785598755
1.0782999992370605,1.070690631866455
1.30649995803833,1.2869226932525635
1.1575000286102295,1.1533782482147217
0.6729999780654907,0.68278568983078
1.5356999635696411,1.5212981700897217
0.20010000467300415,0.2994961142539978
1.7075999975204468,1.6740587949752808
1.1008000373840332,1.0985103845596313
1.1919000148773193,1.173615574836731
1.9368000030517578,1.9855149984359741
1.8795000314712524,1.9006224870681763
1.1575000286102295,1.1497936248779297
0.9207000136375427,0.9047179222106934
0.6843000054359436,0.6619812250137329
0.44780001044273376,0.4588116407394409
1.7304999828338623,1.692232608795166
0.7742999792098999,0.774337112903595
1.0895999670028687,1.0770840644836426
0.6504999995231628,0.6569896340370178
1.409600019454956,1.401143193244934
0.39149999618530273,0.30371761322021484
2.257699966430664,2.2374045848846436
1.673200011253357,1.6950342655181885
0.436599999666214,0.45419132709503174
0.6843000054359436,0.6774049401283264
2.0171000957489014,2.1363608837127686
0.6955000162124634,0.6762293577194214
2.131700038909912,2.291480302810669
2.1659998893737793,2.160219669342041
2.188999891281128,2.1738624572753906
1.982699990272522,2.0681090354919434
0.6955000162124634,0.7058410048484802
1.0219999551773071,1.0183908939361572
1.0219999551773071,1.01170814037323
2.234800100326538,2.215940475463867
1.6618000268936157,1.582608938217163
1.1461000442504883,1.1216622591018677
1.902400016784668,1.9190034866333008
1.0444999933242798,1.028351068496704
2.0171000957489014,2.089691400527954
1.753499984741211,1.7344179153442383
1.593000054359436,1.6190067529678345
1.9254000186920166,2.027358055114746
1.260699987411499,1.2625418901443481
2.1201999187469482,2.184480905532837
1.8681000471115112,1.8762073516845703
0.9319000244140625,0.9120955467224121
0.492900013923645,0.3809831142425537
1.30649995803833,1.2931383848190308
0.6729999780654907,0.6872764229774475
1.7877999544143677,1.8358166217803955
1.444000005722046,1.4219878911972046
0.22269999980926514,0.2994961142539978
0.8531000018119812,0.8097434639930725
1.9483000040054321,2.00706148147583
1.902400016784668,1.9383182525634766
1.30649995803833,1.318146824836731
1.0895999670028687,1.0813065767288208
0.5828999876976013,0.6283204555511475
1.0333000421524048,1.0055490732192993
0.21140000224113464,0.30371761322021484
1.2491999864578247,1.2522107362747192
1.3179999589920044,1.3119512796401978
1.799299955368042,1.8519575595855713
2.074399948120117,2.116468667984009
1.48989999294281,1.5034877061843872
1.5127999782562256,1.5198662281036377
1.7648999691009521,1.711102843284607
1.9368000030517578,1.954004168510437
2.131700038909912,2.1873157024383545
1.3179999589920044,1.3190890550613403
1.4783999919891357,1.4644849300384521
1.0219999551773071,1.0043216943740845
1.2148000001907349,1.181754231452942
2.131700038909912,2.2195980548858643
1.48989999294281,1.4291399717330933
1.5471999645233154,1.5039210319519043
0.8644000291824341,0.8678925037384033
2.211899995803833,2.2233314514160156
0.7179999947547913,0.7634868025779724
1.48989999294281,1.4980467557907104
1.3867000341415405,1.3814791440963745
0.5828999876976013,0.5940248966217041
1.134600043296814,1.1275869607925415
0.492900013923645,0.48533618450164795
0.751800000667572,0.7507224678993225
1.1232999563217163,1.1179091930389404
1.9940999746322632,2.0982160568237305
1.7304999828338623,1.7695181369781494
1.1461000442504883,1.1551309823989868
0.5716999769210815,0.5541555285453796
1.8681000471115112,1.8308881521224976
1.010699987411499,0.9898036122322083
1.3293999433517456,1.2960145473480225
0.3352000117301941,0.30371761322021484
1.0333000421524048,1.0294733047485352
0.5041000247001648,0.5183413624763489
1.0670000314712524,1.0487812757492065
1.260699987411499,1.2478582859039307
1.5242999792099,1.5240569114685059
1.1919000148773193,1.186926245689392
1.1919000148773193,1.206270694732666
1.180400013923645,1.1721564531326294
1.9254000186920166,2.0165164470672607
2.257699966430664,2.214168071746826
0.8981999754905701,0.9072710275650024
1.8107999563217163,1.8649762868881226
1.593000054359436,1.5735516548156738
1.6045000553131104,1.6277031898498535
1.409600019454956,1.409559726715088
1.2376999855041504,1.2262717485427856
1.3293999433517456,1.3772246837615967
1.7763999700546265,1.843221664428711
0.7856000065803528,0.7921161651611328
0.7631000280380249,0.7732043862342834
1.2263000011444092,1.2234573364257812
0.8306000232696533,0.8470545411109924
1.5815999507904053,1.5331562757492065
1.134600043296814,1.1315501928329468
1.7763999700546265,1.78047776222229
0.7404999732971191,0.7288387417793274
1.2949999570846558,1.2859066724777222
0.492900013923645,0.30371761322021484
1.5585999488830566,1.5463179349899292
0.38029998540878296,0.2994961142539978
0.38029998540878296,0.30371761322021484
1.753499984741211,1.8351396322250366
2.131700038909912,2.1926424503326416
2.0629000663757324,2.100994348526001
1.3753000497817993,1.365384578704834
0.5153999924659729,0.4994444251060486
1.48989999294281,1.4735509157180786
1.363800048828125,1.3456536531448364
0.30149999260902405,0.30371761322021484
2.154599905014038,2.1352624893188477
0.8080999851226807,0.8104162216186523
1.444000005722046,1.4183921813964844
0.39149999618530273,0.2994961142539978
1.6847000122070312,1.6484479904174805
1.4668999910354614,1.4556831121444702
2.0055999755859375,1.974425196647644
2.1087000370025635,2.202765464782715
1.48989999294281,1.470751404762268
1.6962000131607056,1.679707407951355
1.0782999992370605,1.0743706226348877
2.0055999755859375,2.1259331703186035
1.8910000324249268,1.9459258317947388
2.246299982070923,2.318020820617676
1.5127999782562256,1.5602974891662598
1.0782999992370605,1.0832834243774414
1.2263000011444092,1.1931201219558716
0.36899998784065247,0.40190279483795166
1.409600019454956,1.3772051334381104
1.8681000471115112,1.883365273475647
2.0171000957489014,1.971405267715454
1.5471999645233154,1.577214241027832
1.1008000373840332,1.0905271768569946
0.6843000054359436,0.6817670464515686
1.0333000421524048,1.018824815750122
1.6618000268936157,1.6970434188842773
1.3179999589920044,1.3268293142318726
1.0444999933242798,1.0395077466964722
1.5471999645233154,1.562587022781372
0.9207000136375427,0.9078400135040283
0.3465000092983246,0.30371761322021484
1.6618000268936157,1.7160311937332153
1.2949999570846558,1.2755018472671509
1.180400013923645,1.1757543087005615
2.0055999755859375,2.16117787361145
1.260699987411499,1.2284111976623535
1.1232999563217163,1.1067785024642944
1.6618000268936157,1.6508166790008545
2.1201999187469482,2.2610905170440674
0.8080999851226807,0.8203087449073792
2.0857999324798584,2.1003289222717285
1.260699987411499,1.240120530128479
0.20010000467300415,0.30371761322021484
1.8910000324249268,1.9486056566238403
0.8755999803543091,0.8630865216255188
1.9368000030517578,1.953511118888855
0.6729999780654907,0.6852622032165527
1.7648999691009521,1.731552243232727
1.856600046157837,1.8362044095993042
2.177500009536743,2.247133731842041
1.0670000314712524,1.0691568851470947
0.9994999766349792,1.0041284561157227
1.5127999782562256,1.471569299697876
0.7968000173568726,0.8029154539108276
2.0399999618530273,2.104571580886841
0.5491999983787537,0.491432785987854
1.902400016784668,1.8963422775268555
2.0171000957489014,2.041365146636963
1.0895999670028687,1.0723131895065308
1.9940999746322632,2.0911548137664795
1.2720999717712402,1.2626051902770996
0.7631000280380249,0.7734988331794739
0.2451999932527542,0.30371761322021484
1.9598000049591064,1.9521472454071045
0.8981999754905701,0.8807232975959778
1.753499984741211,1.8227907419204712
0.4253000020980835,0.4669577479362488
1.1575000286102295,1.151951551437378
0.6504999995231628,0.6636044979095459
1.5815999507904053,1.5621751546859741
0.8981999754905701,0.8771467804908752
1.9598000049591064,2.129166603088379
0.5604000091552734,0.5685459971427917
0.6955000162124634,0.6942107677459717
0.5378999710083008,0.5562561750411987
0.2451999932527542,0.2994961142539978
0.29019999504089355,0.2994961142539978
0.5041000247001648,0.5079203248023987
1.2148000001907349,1.1983329057693481
0.8080999851226807,0.7910727858543396
1.4555000066757202,1.4548892974853516
0.7968000173568726,0.79966801404953
2.074399948120117,2.1170642375946045
2.0857999324798584,2.0828843116760254
0.9769999980926514,0.9647936224937439
1.2720999717712402,1.2593172788619995
1.2949999570846558,1.2875818014144897
2.1201999187469482,2.1794700622558594
0.30149999260902405,0.30371761322021484
2.257699966430664,2.2726569175720215
0.8418999910354614,0.8219494223594666
0.8080999851226807,0.8144823908805847
0.8080999851226807,0.8040956854820251
0.7742999792098999,0.7993109226226807
0.4253000020980835,0.2994961142539978
0.9656999707221985,0.9431635141372681
0.605400025844574,0.6322282552719116
1.134600043296814,1.132177710533142
0.3465000092983246,0.2994961142539978
0.6729999780654907,0.6810852289199829
2.1431000232696533,2.2706995010375977
0.5604000091552734,0.5717377662658691
1.363800048828125,1.3389344215393066
0.7179999947547913,0.7123954892158508
0.20010000467300415,0.2994961142539978
1.4668999910354614,1.4705636501312256
0.8418999910354614,0.8441217541694641
1.8681000471115112,1.937988519668579
0.2676999866962433,0.2994961142539978
0.2451999932527542,0.30371761322021484
1.5012999773025513,1.4666396379470825
1.9598000049591064,1.961235761642456
0.21140000224113464,0.30371761322021484
0.2676999866962433,0.2994961142539978
2.0513999462127686,2.0401360988616943
0.2451999932527542,0.30371761322021484
0.45910000801086426,0.4878631830215454
1.5815999507904053,1.5608599185943604
1.3293999433517456,1.3006207942962646
0.3578000068664551,0.4110722541809082
1.48989999294281,1.5090590715408325
1.1690000295639038,1.1437782049179077
1.2263000011444092,1.2027448415756226
1.4326000213623047,1.3613089323043823
1.6962000131607056,1.7373400926589966
1.856600046157837,1.8410484790802002
0.48159998655319214,0.4893428087234497
1.8451000452041626,1.8237894773483276
1.7304999828338623,1.6922776699066162
1.30649995803833,1.3183614015579224
0.492900013923645,0.5273391604423523
0.9431999921798706,0.9623720049858093
1.5127999782562256,1.5371636152267456
0.2451999932527542,0.30371761322021484
1.2720999717712402,1.2894415855407715
2.269200086593628,2.2323050498962402
0.4253000020980835,0.4144960641860962
0.7293000221252441,0.7526556253433228
1.5815999507904053,1.5404309034347534
1.9483000040054321,1.8774192333221436
0.3240000009536743,0.30371761322021484
0.628000020980835,0.6026255488395691
1.0219999551773071,1.0209269523620605
1.7075999975204468,1.7046102285385132
0.8755999803543091,0.8721067905426025
1.0782999992370605,1.0442122220993042
1.9483000040054321,1.8489288091659546
0.22269999980926514,0.30371761322021484
2.154599905014038,2.127532720565796
0.7179999947547913,0.6980763077735901
1.8910000324249268,1.9389514923095703
1.409600019454956,1.3956981897354126
0.30149999260902405,0.2994961142539978
1.8681000471115112,1.8433607816696167
0.45910000801086426,0.30371761322021484
0.6729999780654907,0.6941040754318237
0.7179999947547913,0.7148717045783997
1.856600046157837,1.7976566553115845
0.9431999921798706,0.9532633423805237
2.0171000957489014,2.1277055740356445
0.6955000162124634,0.6825687885284424
1.5356999635696411,1.5114556550979614
0.9656999707221985,0.9437232613563538
0.7856000065803528,0.7870798110961914
0.5378999710083008,0.545669674873352
2.211899995803833,2.260157346725464
1.0219999551773071,1.0017226934432983
0.9882000088691711,0.9722948670387268
0.47029998898506165,0.46682924032211304
0.21140000224113464,0.30371761322021484
0.7856000065803528,0.792060911655426
1.8681000471115112,1.8643895387649536
0.751800000667572,0.7417510747909546
1.34089994430542,1.3322263956069946
1.1232999563217163,1.1103194952011108
0.7404999732971191,0.7521079778671265
0.436599999666214,0.2994961142539978
0.8080999851226807,0.8066392540931702
0.8194000124931335,0.8163501620292664
1.34089994430542,1.3144842386245728
1.1461000442504883,1.1426877975463867
1.1919000148773193,1.2037475109100342
1.3523000478744507,1.329335331916809
2.074399948120117,2.079913377761841
1.0219999551773071,1.0031452178955078
0.5491999983787537,0.572075605392456
2.0055999755859375,2.0291638374328613
1.2949999570846558,1.267524242401123
1.134600043296814,1.1179897785186768
1.8910000324249268,1.8849292993545532
1.134600043296814,1.1326427459716797
1.6159000396728516,1.6968671083450317
1.6962000131607056,1.7014237642288208
0.9545000195503235,0.9351882934570312
2.177500009536743,2.2133312225341797
0.5378999710083008,0.5340749621391296
0.30149999260902405,0.2994961142539978
2.0171000957489014,2.012709856033325
0.2676999866962433,0.30371761322021484
1.7419999837875366,1.7334829568862915
1.8681000471115112,1.9530640840530396
2.0399999618530273,2.087935447692871
2.0973000526428223,2.096653461456299
1.9254000186920166,1.9165230989456177
0.6504999995231628,0.6422747373580933
1.4211000204086304,1.4098052978515625
1.6618000268936157,1.5934594869613647
0.6504999995231628,0.6640717387199402
1.134600043296814,1.1456546783447266
1.7304999828338623,1.6631067991256714
1.1232999563217163,1.119681477546692
1.30649995803833,1.2956650257110596
0.9545000195503235,0.950871467590332
1.9254000186920166,1.9691681861877441
2.0629000663757324,2.042407512664795
0.5828999876976013,0.5454086065292358
1.1919000148773193,1.1774916648864746
0.20010000467300415,0.30371761322021484
0.3465000092983246,0.30371761322021484
1.9483000040054321,1.958842158317566
1.260699987411499,1.2533740997314453
0.5491999983787537,0.5787716507911682
1.1008000373840332,1.0825330018997192
1.2376999855041504,1.2275605201721191
0.8306000232696533,0.8410070538520813
1.5356999635696411,1.5124311447143555
1.0895999670028687,1.068824291229248
1.5242999792099,1.538224458694458
1.260699987411499,1.224931001663208
1.6159000396728516,1.6351399421691895
2.074399948120117,2.0616228580474854
1.9368000030517578,1.894598364830017
1.7304999828338623,1.7262486219406128
0.7293000221252441,0.7117891907691956
0.8194000124931335,0.7995803952217102
1.6962000131607056,1.7743136882781982
1.753499984741211,1.8482164144515991
1.0895999670028687,1.0661975145339966
1.0670000314712524,1.052489161491394
1.1575000286102295,1.1345877647399902
1.4668999910354614,1.4278539419174194
0.8981999754905701,0.9218351244926453
0.9207000136375427,0.9108811616897583
0.3578000068664551,0.2994961142539978
1.2949999570846558,1.2882667779922485
0.47029998898506165,0.5093153119087219
1.134600043296814,1.1179639101028442
1.5356999635696411,1.4661366939544678
2.0171000957489014,2.130795478820801
1.0670000314712524,1.0493675470352173
2.0973000526428223,2.1891531944274902
1.719099998474121,1.6743561029434204
1.9598000049591064,2.036294937133789
0.20010000467300415,0.2994961142539978
0.8306000232696533,0.8244569301605225
0.44780001044273376,0.5104846954345703
1.8681000471115112,1.8803712129592896
1.4783999919891357,1.5006245374679565
1.7763999700546265,1.8083914518356323
0.9656999707221985,0.9547938108444214
0.5266000032424927,0.4834514856338501
0.8755999803543091,0.8633249998092651
0.8644000291824341,0.8619365692138672
1.6159000396728516,1.5974746942520142
1.3867000341415405,1.386691927909851
0.8194000124931335,0.8136210441589355
2.1659998893737793,2.17651629447937
0.9093999862670898,0.9017425775527954
0.45910000801086426,0.46979987621307373
0.5942000150680542,0.6065146327018738
1.8795000314712524,1.890503168106079
0.414000004529953,0.30371761322021484
2.1087000370025635,2.1226439476013184
0.2563999891281128,0.2994961142539978
1.902400016784668,1.9459941387176514
1.4668999910354614,1.454934000968933
1.1690000295639038,1.173674464225769
0.5266000032424927,0.5443675518035889
2.154599905014038,2.223956346511841
1.8910000324249268,1.90935218334198
1.7763999700546265,1.8249002695083618
0.9994999766349792,0.998431921005249
1.2148000001907349,1.1868551969528198
0.48159998655319214,0.4712783098220825
2.0055999755859375,1.9713062047958374
1.1232999563217163,1.1225006580352783
1.3982000350952148,1.401058316230774
0.9207000136375427,0.9228954315185547
1.8451000452041626,1.826093077659607
0.5942000150680542,0.564508318901062
0.29019999504089355,0.30371761322021484
0.6504999995231628,0.6914180517196655
0.2676999866962433,0.30371761322021484
0.5716999769210815,0.5816057920455933
1.9711999893188477,2.0497689247131348
0.6843000054359436,0.6755669116973877
0.8194000124931335,0.8052915334701538
1.2376999855041504,1.2160054445266724
2.0399999618530273,1.973071813583374
1.5585999488830566,1.5910072326660156
1.5012999773025513,1.4767218828201294
1.1690000295639038,1.17557692527771
0.7742999792098999,0.7722679376602173
0.5378999710083008,0.5626695156097412
1.719099998474121,1.7472132444381714
0.3127000033855438,0.2994961142539978
1.134600043296814,1.1090474128723145
0.6843000054359436,0.6767001748085022
0.3240000009536743,0.30371761322021484
1.2835999727249146,1.274536371231079
0.20010000467300415,0.2994961142539978
1.856600046157837,1.835062861442566
1.6274000406265259,1.6713881492614746
0.39149999618530273,0.30371761322021484
1.7304999828338623,1.734473466873169
0.7179999947547913,0.7218729257583618
0.6729999780654907,0.6773576736450195
0.6843000054359436,0.6662557721138
1.3523000478744507,1.3427132368087769
0.5828999876976013,0.588442325592041
1.8451000452041626,1.846982717514038
1.134600043296814,1.131305456161499
1.3523000478744507,1.3211811780929565
0.8531000018119812,0.8429571986198425
0.8306000232696533,0.8042081594467163
0.4027999937534332,0.30371761322021484
1.1575000286102295,1.1453834772109985
0.44780001044273376,0.44717615842819214
1.9598000049591064,1.9364655017852783
1.6389000415802002,1.6487629413604736
2.0857999324798584,2.088181257247925
0.44780001044273376,0.4414658546447754
0.6166999936103821,0.6272182464599609
1.9139000177383423,1.9499675035476685
1.6503000259399414,1.6654518842697144
0.7631000280380249,0.7950865626335144
2.2004001140594482,2.2469842433929443
0.3127000033855438,0.30371761322021484
0.628000020980835,0.6203210949897766
1.5815999507904053,1.5819666385650635
0.6729999780654907,0.6807870864868164
0.3578000068664551,0.2994961142539978
0.36899998784065247,0.30371761322021484
0.20010000467300415,0.30371761322021484
2.177500009536743,2.2293126583099365
0.8306000232696533,0.807863712310791
1.9254000186920166,1.904973030090332
1.8336999416351318,1.8408201932907104
0.6504999995231628,0.6724892854690552
1.6503000259399414,1.648059606552124
1.0782999992370605,1.0754014253616333
1.6847000122070312,1.7348153591156006
1.2034000158309937,1.1965733766555786
2.257699966430664,2.2339975833892822
0.3240000009536743,0.2994961142539978
0.6843000054359436,0.6771422028541565
1.5815999507904053,1.5904858112335205
1.1690000295639038,1.1449933052062988
1.4555000066757202,1.4582663774490356
1.1121000051498413,1.0908803939819336
0.3127000033855438,0.2994961142539978
0.8981999754905701,0.9337977170944214
1.0895999670028687,1.0890198945999146
0.5604000091552734,0.549733579158783
1.2263000011444092,1.2130409479141235
1.2376999855041504,1.2332637310028076
0.6617000102996826,0.6673945784568787
0.751800000667572,0.7567555904388428
1.1232999563217163,1.1140843629837036
1.6618000268936157,1.6868857145309448
0.8080999851226807,0.7926419377326965
0.6617000102996826,0.6076573133468628
0.36899998784065247,0.3979930281639099
1.0895999670028687,1.0810576677322388
1.6274000406265259,1.6361020803451538
0.5942000150680542,0.5845637321472168
1.8336999416351318,1.8855855464935303
2.0629000663757324,2.022097587585449
1.902400016784668,2.0705790519714355
0.47029998898506165,0.4240494966506958
1.799299955368042,1.8113811016082764
2.234800100326538,2.2566239833831787
0.9093999862670898,0.8862348198890686
1.3293999433517456,1.3527370691299438
1.902400016784668,1.874865174293518
0.6843000054359436,0.695210337638855
1.1232999563217163,1.1338149309158325
1.2263000011444092,1.2299810647964478
1.2148000001907349,1.1879327297210693
1.9598000049591064,2.032691717147827
2.0055999755859375,2.018953561782837
1.1919000148773193,1.189894199371338
0.9431999921798706,0.9218752384185791
2.0055999755859375,2.02103853225708
1.2720999717712402,1.2583833932876587
2.269200086593628,2.2308263778686523
2.1087000370025635,2.1979360580444336
0.6617000102996826,0.6498767137527466
0.7631000280380249,0.7549017071723938
2.211899995803833,2.2650837898254395
1.260699987411499,1.2654908895492554
0.23389999568462372,0.30371761322021484
2.0973000526428223,2.1787097454071045
0.7179999947547913,0.695371687412262
2.0629000663757324,2.0980188846588135
1.799299955368042,1.8026834726333618
0.492900013923645,0.4831386208534241
1.9139000177383423,1.9480327367782593
1.799299955368042,1.7130733728408813
0.492900013923645,0.5109022855758667
0.414000004529953,0.4181210994720459
0.6729999780654907,0.6574451923370361
2.0857999324798584,2.08147931098938
0.21140000224113464,0.30371761322021484
0.6955000162124634,0.6572717428207397
1.1232999563217163,1.1074481010437012
1.0219999551773071,1.0232999324798584
0.6617000102996826,0.6593801975250244
0.9319000244140625,0.927391529083252
1.5585999488830566,1.5386730432510376
0.7293000221252441,0.6872045993804932
0.8755999803543091,0.8456941246986389
1.134600043296814,1.1359107494354248
1.982699990272522,2.021052360534668
0.6617000102996826,0.6734083890914917
0.436599999666214,0.4581829905509949
0.23389999568462372,0.2994961142539978
0.2451999932527542,0.2994961142539978
1.8681000471115112,1.9470430612564087
1.4555000066757202,1.4352247714996338
1.6159000396728516,1.6308808326721191
0.9319000244140625,0.9387856721878052
1.4326000213623047,1.4277423620224
0.7179999947547913,0.7427549362182617
1.2376999855041504,1.2330116033554077
0.5716999769210815,0.5995118021965027
1.593000054359436,1.5764553546905518
2.234800100326538,2.2094368934631348
1.9254000186920166,1.8777788877487183
1.5585999488830566,1.5468800067901611
1.134600043296814,1.1331725120544434
1.7419999837875366,1.767796516418457
1.719099998474121,1.6803597211837769
1.5242999792099,1.4732712507247925
0.5266000032424927,0.4957882761955261
1.7648999691009521,1.7996809482574463
1.9711999893188477,2.0399527549743652
2.257699966430664,2.246347665786743
2.2004001140594482,2.1095800399780273
0.45910000801086426,0.40597420930862427
1.4555000066757202,1.436259388923645
2.223299980163574,2.213688373565674
1.2148000001907349,1.180323600769043
0.20010000467300415,0.30371761322021484
0.6843000054359436,0.6889660358428955
0.8755999803543091,0.8656859397888184
0.436599999666214,0.43341636657714844
1.5012999773025513,1.4752190113067627
0.45910000801086426,0.2994961142539978
1.2491999864578247,1.21816086769104
2.0055999755859375,2.085346221923828
1.0670000314712524,1.0662921667099
1.5815999507904053,1.5421346426010132
0.63919997215271,0.6559122204780579
0.8194000124931335,0.8143676519393921
0.7179999947547913,0.6856899857521057
2.0629000663757324,2.142986536026001
0.23389999568462372,0.2994961142539978
1.3867000341415405,1.3712283372879028
1.8221999406814575,1.8676822185516357
1.2034000158309937,1.2125277519226074
1.180400013923645,1.1817423105239868
1.8681000471115112,1.8646721839904785
0.5041000247001648,0.4976498484611511
0.39149999618530273,0.2994961142539978
1.1008000373840332,1.0669926404953003
1.5242999792099,1.4910343885421753
1.7075999975204468,1.6697134971618652
0.4253000020980835,0.30371761322021484
0.886900007724762,0.8640009760856628
1.7075999975204468,1.6812788248062134
0.47029998898506165,0.4574963450431824
1.1919000148773193,1.17533540725708
2.154599905014038,2.24686861038208
0.9656999707221985,0.9497677683830261
1.7419999837875366,1.7431539297103882
1.48989999294281,1.507401466369629
0.27889999747276306,0.30371761322021484
0.3465000092983246,0.30371761322021484
1.3867000341415405,1.3742587566375732
0.7856000065803528,0.77651447057724
1.7648999691009521,1.795645833015442
1.6389000415802002,1.7210081815719604
1.856600046157837,1.902979850769043
1.2835999727249146,1.271138072013855
1.6389000415802002,1.6485743522644043
1.134600043296814,1.1201845407485962
1.8681000471115112,1.8407388925552368
0.9545000195503235,0.9506697654724121
1.5127999782562256,1.523470401763916
2.188999891281128,2.1878814697265625
1.3179999589920044,1.3081364631652832
1.9598000049591064,2.0970242023468018
2.1431000232696533,2.188436508178711
1.7419999837875366,1.7474569082260132
0.4253000020980835,0.4019416570663452
1.6159000396728516,1.6327708959579468
1.3523000478744507,1.3211010694503784
0.5716999769210815,0.508851945400238
1.9139000177383423,1.9133464097976685
1.902400016784668,1.9357694387435913
0.29019999504089355,0.30371761322021484
1.719099998474121,1.8397163152694702
1.444000005722046,1.4578169584274292
0.4253000020980835,0.433030903339386
1.4326000213623047,1.4758455753326416
1.8451000452041626,1.8485440015792847
1.6618000268936157,1.6560138463974
1.799299955368042,1.7820699214935303
1.1008000373840332,1.0788094997406006
0.6729999780654907,0.6736804246902466
1.753499984741211,1.756990671157837
0.6843000054359436,0.6791336536407471
0.45910000801086426,0.30371761322021484
1.4326000213623047,1.4500579833984375
1.570099949836731,1.5599490404129028
1.3523000478744507,1.3526848554611206
0.8418999910354614,0.8270620107650757
1.2148000001907349,1.1852245330810547
0.6617000102996826,0.6413562297821045
0.9994999766349792,0.9777669310569763
0.9656999707221985,0.9612261652946472
0.8531000018119812,0.8431650996208191
1.180400013923645,1.1820329427719116
0.5041000247001648,0.474445104598999
1.9598000049591064,2.0381548404693604
0.7742999792098999,0.7789260149002075
0.8981999754905701,0.8818021416664124
1.8795000314712524,1.8125165700912476
2.223299980163574,2.1102495193481445
0.436599999666214,0.4770813584327698
0.7742999792098999,0.7780260443687439
1.444000005722046,1.4139642715454102
1.4555000066757202,1.4379711151123047
2.188999891281128,2.201826572418213
1.5815999507904053,1.6331393718719482
0.5604000091552734,0.5550587773323059
0.5604000091552734,0.5809678435325623
1.8451000452041626,1.8594844341278076
1.4783999919891357,1.449507713317871
0.605400025844574,0.6179684400558472
1.8681000471115112,1.803725004196167
1.856600046157837,1.8799387216567993
1.2034000158309937,1.1972692012786865
2.0399999618530273,2.065183401107788
1.4555000066757202,1.397923469543457
0.492900013923645,0.4914233684539795
2.257699966430664,2.2608397006988525
1.5471999645233154,1.5485484600067139
0.21140000224113464,0.2994961142539978
1.982699990272522,2.024825096130371
2.0285000801086426,2.058784246444702
1.5356999635696411,1.5742034912109375
1.6389000415802002,1.5913166999816895
0.30149999260902405,0.30371761322021484
0.9207000136375427,0.9252799153327942
2.188999891281128,2.21368408203125
0.9207000136375427,0.9148441553115845
2.211899995803833,2.379735231399536
2.188999891281128,2.1952643394470215
0.9319000244140625,0.9175047278404236
0.492900013923645,0.4349324107170105
0.21140000224113464,0.2994961142539978
0.5041000247001648,0.4668974280357361
1.5585999488830566,1.5231359004974365
1.5471999645233154,1.5672155618667603
1.5012999773025513,1.4977267980575562
1.3982000350952148,1.3782403469085693
1.0444999933242798,1.0214431285858154
1.8795000314712524,1.8267502784729004
1.055799961090088,1.0250388383865356
1.6847000122070312,1.682482123374939
1.5356999635696411,1.5647748708724976
1.0333000421524048,1.0235360860824585
1.7763999700546265,1.7234936952590942
0.6617000102996826,0.6405631899833679
2.1201999187469482,2.068751096725464
0.9545000195503235,0.9404201507568359
2.0629000663757324,2.1534292697906494
0.8194000124931335,0.8046127557754517
2.0285000801086426,2.094330072402954
0.7968000173568726,0.8066744804382324
1.9598000049591064,2.010108709335327
0.36899998784065247,0.376792848110199
1.3523000478744507,1.380898118019104
0.436599999666214,0.4148637056350708
0.8306000232696533,0.8292611837387085
1.9254000186920166,1.9896626472473145
0.9769999980926514,0.953784704208374
0.5491999983787537,0.5755816102027893
1.6274000406265259,1.6251543760299683
2.246299982070923,2.2596869468688965
0.23389999568462372,0.2994961142539978
0.63919997215271,0.6513144373893738
2.0171000957489014,2.040360927581787
1.7419999837875366,1.7002677917480469
1.6962000131607056,1.7690941095352173
1.3523000478744507,1.3883510828018188
0.5491999983787537,0.5757589936256409
1.570099949836731,1.5601375102996826
2.257699966430664,2.2800395488739014
1.570099949836731,1.5422393083572388
1.5815999507904053,1.5494811534881592
1.3293999433517456,1.2999118566513062
1.4326000213623047,1.4620307683944702
0.7856000065803528,0.7879859805107117
2.0857999324798584,2.1453444957733154
0.23389999568462372,0.2994961142539978
0.4253000020980835,0.3184557557106018
0.38029998540878296,0.30371761322021484
2.0513999462127686,2.125065326690674
1.6389000415802002,1.6024088859558105
1.799299955368042,1.8131858110427856
0.9093999862670898,0.8809590935707092
0.7742999792098999,0.7746202945709229
0.27889999747276306,0.30371761322021484
1.1919000148773193,1.2037330865859985
1.5471999645233154,1.5742067098617554
0.6843000054359436,0.7036323547363281
0.8418999910354614,0.8239425420761108
0.3240000009536743,0.2994961142539978
0.44780001044273376,0.4225226044654846
1.0333000421524048,1.0147532224655151
0.9656999707221985,0.9518645405769348
1.6389000415802002,1.6955562829971313
1.5242999792099,1.515133023262024
0.3240000009536743,0.30371761322021484
0.39149999618530273,0.2994961142539978
0.47029998898506165,0.4388102889060974
1.8107999563217163,1.8233723640441895
1.6503000259399414,1.6691057682037354
0.4027999937534332,0.30371761322021484
2.1201999187469482,2.1860110759735107
2.154599905014038,2.1184866428375244
2.234800100326538,2.285768508911133
0.6504999995231628,0.6662976741790771
0.3578000068664551,0.30371761322021484
0.3465000092983246,0.30371761322021484
1.9254000186920166,1.937535285949707
0.48159998655319214,0.43784552812576294
0.29019999504089355,0.30371761322021484
0.3352000117301941,0.2994961142539978
1.8107999563217163,1.7934749126434326
0.5716999769210815,0.5766668915748596
0.22269999980926514,0.30371761322021484
1.719099998474121,1.7246278524398804
0.7631000280380249,0.7666542530059814
0.6843000054359436,0.671780526638031
1.48989999294281,1.4486567974090576
1.4211000204086304,1.4051965475082397
0.3240000009536743,0.30371761322021484
1.6045000553131104,1.5999093055725098
0.3352000117301941,0.2994961142539978
1.6962000131607056,1.7989224195480347
0.23389999568462372,0.2994961142539978
1.3179999589920044,1.3379395008087158
2.257699966430664,2.2182424068450928
0.5604000091552734,0.5513814091682434
0.38029998540878296,0.2994961142539978
2.1431000232696533,2.187636613845825
1.4555000066757202,1.4684009552001953
1.48989999294281,1.4919956922531128
1.3982000350952148,1.3737643957138062
1.8451000452041626,1.7902805805206299
1.7419999837875366,1.6722952127456665
0.7404999732971191,0.7150730490684509
0.5604000091552734,0.591447651386261
0.5153999924659729,0.5134800672531128
1.4555000066757202,1.4275239706039429
0.9319000244140625,0.9163214564323425
1.593000054359436,1.6346943378448486
1.2263000011444092,1.216131567955017
1.4326000213623047,1.4498393535614014
2.223299980163574,2.2424874305725098
0.5716999769210815,0.5732533931732178
1.0219999551773071,1.0023891925811768
1.1008000373840332,1.072899580001831
0.39149999618530273,0.4147145748138428
2.1431000232696533,2.1977787017822266
1.7304999828338623,1.7451251745224
0.8644000291824341,0.8487414121627808
0.9431999921798706,0.9268621206283569
1.7877999544143677,1.7682820558547974
1.363800048828125,1.3310446739196777
0.9319000244140625,0.9151862263679504
0.886900007724762,0.8688445687294006
0.7293000221252441,0.704746663570404
2.0171000957489014,2.0288302898406982
2.2004001140594482,2.1559648513793945
0.8981999754905701,0.8968595266342163
0.3352000117301941,0.30371761322021484
0.3240000009536743,0.2994961142539978
1.4326000213623047,1.436487078666687
1.3293999433517456,1.319618821144104
2.2004001140594482,2.223238229751587
0.9093999862670898,0.892344057559967
1.856600046157837,1.8784300088882446
0.5716999769210815,0.6265081763267517
0.4027999937534332,0.2994961142539978
1.8336999416351318,1.8700966835021973
1.2720999717712402,1.2446770668029785
1.1919000148773193,1.191311240196228
1.2949999570846558,1.2871522903442383
1.5356999635696411,1.5130975246429443
0.2451999932527542,0.30371761322021484
1.4326000213623047,1.438763976097107
0.7968000173568726,0.7925559282302856
0.9882000088691711,0.9593461751937866
2.1431000232696533,2.212526321411133
1.260699987411499,1.2207340002059937
2.257699966430664,2.3033080101013184
1.719099998474121,1.7228292226791382
1.134600043296814,1.1246070861816406
1.6618000268936157,1.659517526626587
1.3867000341415405,1.3694452047348022
1.2148000001907349,1.2012007236480713
1.7075999975204468,1.6909984350204468
0.2451999932527542,0.2994961142539978
0.9656999707221985,0.9550113677978516
1.8795000314712524,2.0015783309936523
1.0444999933242798,1.018061637878418
0.3465000092983246,0.4028756022453308
2.154599905014038,2.127230644226074
2.1659998893737793,2.2376041412353516
0.5041000247001648,0.43403899669647217
1.3179999589920044,1.281531810760498
1.7304999828338623,1.8254491090774536
1.1690000295639038,1.1650047302246094
0.3465000092983246,0.30371761322021484
1.9254000186920166,2.0187275409698486
1.3867000341415405,1.375773549079895
1.4326000213623047,1.449860692024231
1.34089994430542,1.3127623796463013
1.7648999691009521,1.756040334701538
0.5604000091552734,0.532523512840271
2.223299980163574,2.236701250076294
0.4027999937534332,0.42016708850860596
2.269200086593628,2.1678950786590576
0.22269999980926514,0.2994961142539978
1.9254000186920166,1.9942647218704224
2.246299982070923,2.1877036094665527
1.34089994430542,1.309930682182312
2.177500009536743,2.226001739501953
0.20010000467300415,0.2994961142539978
1.1461000442504883,1.1410884857177734
0.2563999891281128,0.30371761322021484
0.5153999924659729,0.48670250177383423
2.0513999462127686,2.1322460174560547
0.4027999937534332,0.30371761322021484
0.5828999876976013,0.5578805804252625
0.7067999839782715,0.6919100284576416
2.188999891281128,2.241124153137207
0.20010000467300415,0.2994961142539978
1.2720999717712402,1.2700031995773315
2.0285000801086426,2.165325164794922
1.9139000177383423,1.9527369737625122
1.30649995803833,1.2753126621246338
2.0629000663757324,2.125206708908081
2.0399999618530273,2.000741481781006
0.20010000467300415,0.2994961142539978
0.21140000224113464,0.2994961142539978
1.7419999837875366,1.8020424842834473
0.9545000195503235,0.9464182257652283
1.444000005722046,1.4460452795028687
0.38029998540878296,0.39497900009155273
1.6503000259399414,1.6268715858459473
1.8336999416351318,1.9025630950927734
1.1690000295639038,1.1484925746917725
1.2376999855041504,1.223644495010376
1.856600046157837,2.0032360553741455
1.3753000497817993,1.3741816282272339
1.7075999975204468,1.6342445611953735
0.38029998540878296,0.30371761322021484
1.5012999773025513,1.5390187501907349
2.177500009536743,2.1982955932617188
1.5127999782562256,1.5148351192474365
1.9940999746322632,1.969442367553711
0.3127000033855438,0.30371761322021484
0.9319000244140625,0.9339139461517334
2.131700038909912,2.200852632522583
0.9319000244140625,0.906230092048645
2.1659998893737793,2.2030105590820312
0.30149999260902405,0.30371761322021484
0.5378999710083008,0.550430953502655
0.44780001044273376,0.46606069803237915
1.5242999792099,1.5846941471099854
0.8755999803543091,0.8886308073997498
0.9882000088691711,0.980376660823822
0.44780001044273376,0.2994961142539978
1.3867000341415405,1.3955892324447632
1.134600043296814,1.1193736791610718
0.27889999747276306,0.30371761322021484
0.436599999666214,0.43273645639419556
1.902400016784668,1.903826117515564
0.3127000033855438,0.30371761322021484
0.9656999707221985,0.9530010223388672
1.134600043296814,1.1089332103729248
0.23389999568462372,0.30371761322021484
0.9656999707221985,0.9876751899719238
1.673200011253357,1.7202547788619995
2.0513999462127686,1.9862192869186401
0.5491999983787537,0.4894474148750305
1.9139000177383423,1.9094672203063965
0.7293000221252441,0.7471708059310913
1.570099949836731,1.592732548713684
1.2148000001907349,1.177821397781372
1.3867000341415405,1.3641972541809082
2.0857999324798584,2.1424994468688965
1.34089994430542,1.3320746421813965
1.180400013923645,1.1912800073623657
1.2034000158309937,1.1841729879379272
0.21140000224113464,0.30371761322021484
1.2034000158309937,1.218315839767456
0.5041000247001648,0.5438552498817444
2.211899995803833,2.220015048980713
0.9882000088691711,0.9787220358848572
0.3578000068664551,0.30371761322021484
1.1121000051498413,1.0919215679168701
0.3578000068664551,0.4181784987449646
1.6962000131607056,1.6745671033859253
0.29019999504089355,0.2994961142539978
1.134600043296814,1.1318461894989014
2.211899995803833,2.1744372844696045
1.8107999563217163,1.8464630842208862
1.4783999919891357,1.4523451328277588
1.6274000406265259,1.661512017250061
0.3352000117301941,0.30371761322021484
2.269200086593628,2.2376742362976074
1.8795000314712524,1.8341484069824219
0.414000004529953,0.486499547958374
0.492900013923645,0.47607117891311646
1.8451000452041626,1.7845956087112427
0.7856000065803528,0.7837798595428467
0.628000020980835,0.6437590718269348
0.6166999936103821,0.6133350729942322
1.8221999406814575,1.8050576448440552
0.47029998898506165,0.47985905408859253
1.9711999893188477,1.996085524559021
1.8221999406814575,1.8024741411209106
1.0895999670028687,1.0775123834609985
1.0670000314712524,1.0627928972244263
0.5153999924659729,0.48146700859069824
0.7067999839782715,0.7173731923103333
1.4783999919891357,1.5165822505950928
2.0513999462127686,2.0931339263916016
1.4326000213623047,1.4578983783721924
1.4783999919891357,1.5285000801086426
1.0219999551773071,1.0048648118972778
1.902400016784668,1.972782015800476
1.3523000478744507,1.3549678325653076
1.010699987411499,1.0003981590270996
1.7763999700546265,1.757246971130371
1.34089994430542,1.3052377700805664
1.9139000177383423,1.9339141845703125
1.0444999933242798,1.0465667247772217
0.8306000232696533,0.8298777341842651
2.2004001140594482,2.1310806274414062
0.6617000102996826,0.6618410348892212
0.9882000088691711,0.9727166295051575
0.5041000247001648,0.5273855924606323
0.886900007724762,0.8862583041191101
1.5012999773025513,1.5021034479141235
0.8644000291824341,0.8513125777244568
2.188999891281128,2.208373785018921
1.5585999488830566,1.567767858505249
1.134600043296814,1.1305006742477417
1.4326000213623047,1.4394968748092651
1.2949999570846558,1.2742910385131836
0.5041000247001648,0.5324283242225647
1.4211000204086304,1.441226601600647
2.234800100326538,2.250093460083008
2.1659998893737793,2.245655059814453
0.2676999866962433,0.2994961142539978
2.223299980163574,2.2556629180908203
1.4555000066757202,1.4190170764923096
0.3578000068664551,0.2994961142539978
1.3867000341415405,1.3994251489639282
0.45910000801086426,0.30371761322021484
0.5266000032424927,0.5095844864845276
0.3578000068664551,0.2994961142539978
1.134600043296814,1.1221195459365845
1.2720999717712402,1.2803672552108765
2.154599905014038,2.139418840408325
1.673200011253357,1.7018965482711792
1.1008000373840332,1.1094369888305664
1.1919000148773193,1.1670029163360596
1.6159000396728516,1.6293931007385254
1.5471999645233154,1.6137535572052002
1.8795000314712524,1.9379767179489136
0.6843000054359436,0.6990395188331604
0.9656999707221985,0.9300991296768188
1.753499984741211,1.770282506942749
0.6617000102996826,0.6356288194656372
1.2376999855041504,1.243903398513794
0.2676999866962433,0.2994961142539978
0.9319000244140625,0.9179953336715698
1.1121000051498413,1.099590539932251
1.856600046157837,1.8835431337356567
0.4253000020980835,0.42344552278518677
2.0973000526428223,2.06085205078125
0.5716999769210815,0.556425154209137
1.0895999670028687,1.090362787246704
1.2148000001907349,1.2112514972686768
0.3465000092983246,0.30371761322021484
0.8306000232696533,0.8211207389831543
1.5471999645233154,1.5291036367416382
1.260699987411499,1.2336214780807495
1.134600043296814,1.1348390579223633
1.3982000350952148,1.4099854230880737
0.22269999980926514,0.2994961142539978
0.751800000667572,0.7153280973434448
1.3523000478744507,1.298007607460022
1.6962000131607056,1.6896989345550537
1.593000054359436,1.6264454126358032
1.3523000478744507,1.3318846225738525
1.444000005722046,1.4289699792861938
0.2563999891281128,0.30371761322021484
0.7067999839782715,0.7045463919639587
1.8795000314712524,1.938804268836975
1.1461000442504883,1.126530647277832
1.753499984741211,1.7671836614608765
1.3179999589920044,1.3218523263931274
1.7877999544143677,1.8503503799438477
1.9254000186920166,1.9136112928390503
1.3293999433517456,1.2927225828170776
1.34089994430542,1.3275830745697021
2.0629000663757324,2.1373791694641113
1.0782999992370605,1.0599102973937988
1.0782999992370605,1.0564671754837036
1.5585999488830566,1.5911122560501099
2.1201999187469482,2.154536724090576
1.0444999933242798,1.0393104553222656
1.1575000286102295,1.152644157409668
1.5585999488830566,1.577468991279602
1.5585999488830566,1.567900538444519
0.8194000124931335,0.8070892691612244
1.6389000415802002,1.6333807706832886
1.8681000471115112,1.8696784973144531
1.134600043296814,1.1211673021316528
1.5356999635696411,1.5086426734924316
2.0171000957489014,2.09513258934021
0.36899998784065247,0.2994961142539978
1.8910000324249268,1.9005963802337646
1.902400016784668,1.9909411668777466
1.409600019454956,1.4133917093276978
0.5266000032424927,0.5484306216239929
0.8755999803543091,0.8614267706871033
1.1690000295639038,1.1636700630187988
2.234800100326538,2.1622841358184814
0.27889999747276306,0.2994961142539978
1.1121000051498413,1.0970221757888794
0.6504999995231628,0.6585928201675415
0.4027999937534332,0.2994961142539978
0.22269999980926514,0.30371761322021484
1.6847000122070312,1.656494140625
0.29019999504089355,0.2994961142539978
1.7763999700546265,1.7246358394622803
1.8107999563217163,1.8352669477462769
0.8981999754905701,0.8709976673126221
1.4555000066757202,1.4268800020217896
1.9139000177383423,2.038632869720459
0.2676999866962433,0.2994961142539978
0.5378999710083008,0.565639078617096
0.414000004529953,0.30371761322021484
2.1431000232696533,2.080134153366089
1.1461000442504883,1.1423782110214233
0.7404999732971191,0.7347527742385864
1.2376999855041504,1.228267788887024
0.9545000195503235,0.9394974112510681
2.0857999324798584,2.145598888397217
0.7404999732971191,0.7311452627182007
1.2148000001907349,1.185618281364441
0.9994999766349792,0.9878621697425842
1.1008000373840332,1.0830708742141724
0.29019999504089355,0.2994961142539978
1.2720999717712402,1.2640588283538818
2.257699966430664,2.224594831466675
1.7648999691009521,1.7209597826004028
1.8221999406814575,1.8777360916137695
1.6274000406265259,1.6074069738388062
2.0171000957489014,2.0371413230895996
1.8336999416351318,1.8562606573104858
0.9319000244140625,0.9232692718505859
1.7419999837875366,1.6556204557418823
1.0895999670028687,1.0839308500289917
1.055799961090088,1.0538543462753296
0.3465000092983246,0.2994961142539978
1.5127999782562256,1.4942258596420288
1.5127999782562256,1.5407958030700684
1.593000054359436,1.5828518867492676
1.570099949836731,1.602564811706543
0.45910000801086426,0.4850514531135559
0.23389999568462372,0.2994961142539978
1.4555000066757202,1.4691795110702515
0.3352000117301941,0.30371761322021484
2.1431000232696533,2.200216293334961
1.799299955368042,1.8347529172897339
2.1087000370025635,2.041614294052124
1.4783999919891357,1.4223154783248901
2.0399999618530273,2.108022451400757
2.257699966430664,2.2756495475769043
1.134600043296814,1.1162362098693848
0.7631000280380249,0.7716069221496582
0.886900007724762,0.8790075778961182
0.8644000291824341,0.8304335474967957
0.3127000033855438,0.30371761322021484
1.30649995803833,1.271323323249817
1.9598000049591064,1.9515023231506348
1.4668999910354614,1.449002981185913
2.269200086593628,2.2963271141052246
2.177500009536743,2.1747450828552246
0.9431999921798706,0.9406095743179321
1.6159000396728516,1.6708904504776
0.3465000092983246,0.4025607109069824
0.7742999792098999,0.7655946016311646
1.8336999416351318,1.778146743774414
0.9545000195503235,0.9320070147514343
0.4027999937534332,0.41317903995513916
1.6847000122070312,1.659494161605835
2.188999891281128,2.256767988204956
0.7968000173568726,0.8189414143562317
2.0973000526428223,2.0931661128997803
1.9483000040054321,2.0115842819213867
0.38029998540878296,0.2994961142539978
1.2949999570846558,1.2667018175125122
2.1431000232696533,2.2442944049835205
0.63919997215271,0.6244141459465027
1.6389000415802002,1.6795519590377808
0.5041000247001648,0.49746090173721313
1.5815999507904053,1.5498803853988647
0.7293000221252441,0.7234082818031311
0.492900013923645,0.4577259421348572
1.363800048828125,1.3262161016464233
1.3753000497817993,1.374269723892212
1.7648999691009521,1.7876911163330078
0.30149999260902405,0.30371761322021484
2.246299982070923,2.2021536827087402
2.188999891281128,2.1702609062194824
1.5012999773025513,1.4680691957473755
1.719099998474121,1.6916171312332153
1.7304999828338623,1.7674504518508911
1.4668999910354614,1.446004867553711
0.36899998784065247,0.30371761322021484
1.7763999700546265,1.8094916343688965
0.8531000018119812,0.8391417860984802
0.27889999747276306,0.30371761322021484
1.1690000295639038,1.1669502258300781
1.3523000478744507,1.3416087627410889
1.7304999828338623,1.7102327346801758
0.6729999780654907,0.6807161569595337
0.2676999866962433,0.2994961142539978
0.9769999980926514,0.9541221857070923
2.2004001140594482,2.1718759536743164
1.6618000268936157,1.6765398979187012
0.7631000280380249,0.7831951379776001
0.48159998655319214,0.43007969856262207
1.719099998474121,1.782297134399414
1.6274000406265259,1.639771580696106
2.0399999618530273,2.0677881240844727
2.074399948120117,2.1955718994140625
0.9994999766349792,1.0045219659805298
0.2451999932527542,0.2994961142539978
2.177500009536743,2.179069757461548
1.8910000324249268,1.9308040142059326
0.30149999260902405,0.30371761322021484
0.6617000102996826,0.6531531810760498
1.5012999773025513,1.5005513429641724
0.5716999769210815,0.5972287058830261
1.409600019454956,1.3920331001281738
0.436599999666214,0.4371681213378906
1.3293999433517456,1.327162742614746
2.177500009536743,2.281557559967041
1.1008000373840332,1.0694881677627563
0.21140000224113464,0.30371761322021484
1.7419999837875366,1.7334461212158203
1.3179999589920044,1.3001962900161743
0.48159998655319214,0.45258307456970215
1.9139000177383423,1.9405293464660645
0.9093999862670898,0.8999282121658325
1.4783999919891357,1.5141007900238037
0.8755999803543091,0.8643407225608826
1.4668999910354614,1.5133718252182007
1.7877999544143677,1.7610985040664673
0.63919997215271,0.643699049949646
0.7631000280380249,0.7628317475318909
0.886900007724762,0.8457773923873901
1.8107999563217163,1.8112735748291016
0.7631000280380249,0.805595338344574
2.211899995803833,2.2820351123809814
0.8080999851226807,0.7997220158576965
2.0399999618530273,2.0346672534942627
1.9711999893188477,1.9138866662979126
2.246299982070923,2.34952449798584
0.6729999780654907,0.6798779368400574
2.1659998893737793,2.079840898513794
0.9431999921798706,0.9101659655570984
0.6166999936103821,0.6393106579780579
1.409600019454956,1.4163603782653809
1.8681000471115112,1.8225140571594238
1.856600046157837,1.9306353330612183
2.177500009536743,2.1946496963500977
1.8336999416351318,1.7847371101379395
0.9656999707221985,0.9560728073120117
1.34089994430542,1.317794919013977
0.27889999747276306,0.30371761322021484
1.753499984741211,1.6810810565948486
0.8418999910354614,0.853338360786438
0.3352000117301941,0.30371761322021484
0.38029998540878296,0.2994961142539978
1.0670000314712524,1.0663374662399292
1.982699990272522,2.0438339710235596
1.5242999792099,1.5205161571502686
1.5127999782562256,1.4954285621643066
1.180400013923645,1.1670622825622559
0.5604000091552734,0.5440949201583862
1.1690000295639038,1.1610679626464844
0.7631000280380249,0.7735915184020996
0.8306000232696533,0.8544588088989258
1.6503000259399414,1.6764429807662964
0.2563999891281128,0.2994961142539978
0.47029998898506165,0.37974005937576294
0.6955000162124634,0.7102726101875305
1.5012999773025513,1.4953325986862183
0.5266000032424927,0.5093870759010315
0.36899998784065247,0.3774030804634094
1.570099949836731,1.5797736644744873
1.7419999837875366,1.813919186592102
1.4783999919891357,1.4374504089355469
1.409600019454956,1.3916112184524536
2.131700038909912,2.238180637359619
0.9994999766349792,0.9910030364990234
1.673200011253357,1.6597776412963867
0.30149999260902405,0.30371761322021484
1.48989999294281,1.4800012111663818
0.7179999947547913,0.6950257420539856
0.9319000244140625,0.9317678213119507
0.7293000221252441,0.7359862327575684
1.48989999294281,1.4903764724731445
1.34089994430542,1.3267663717269897
0.886900007724762,0.8733900785446167
1.34089994430542,1.3338440656661987
0.2676999866962433,0.30371761322021484
1.7304999828338623,1.7446937561035156
2.1201999187469482,2.1347174644470215
1.4555000066757202,1.4632935523986816
1.1461000442504883,1.1433404684066772
0.3465000092983246,0.2994961142539978
1.8451000452041626,1.8585273027420044
0.9882000088691711,0.9614238142967224
1.9254000186920166,1.9947547912597656
1.0219999551773071,0.997063398361206
2.2004001140594482,2.244943141937256
0.9093999862670898,0.9180800914764404
2.246299982070923,2.254438638687134
0.8755999803543091,0.8809389472007751
1.1575000286102295,1.1481900215148926
0.605400025844574,0.5673253536224365
1.5585999488830566,1.5637402534484863
0.7404999732971191,0.7303805351257324
0.7631000280380249,0.7603033185005188
1.3982000350952148,1.4156066179275513
1.409600019454956,1.4277220964431763
0.21140000224113464,0.30371761322021484
1.6962000131607056,1.718698263168335
0.63919997215271,0.6572626829147339
0.8531000018119812,0.8387792706489563
1.6045000553131104,1.5824480056762695
0.2676999866962433,0.2994961142539978
2.154599905014038,2.210340976715088
1.5127999782562256,1.5352871417999268
0.8194000124931335,0.8164156079292297
1.9139000177383423,1.930431604385376
1.753499984741211,1.7152235507965088
0.7067999839782715,0.6844170689582825
1.9254000186920166,1.9664045572280884
1.3179999589920044,1.3316468000411987
1.5127999782562256,1.4975229501724243
1.260699987411499,1.241138219833374
1.3179999589920044,1.2777836322784424
2.074399948120117,2.1706979274749756
1.8795000314712524,1.8989051580429077
1.8910000324249268,1.9401062726974487
0.8194000124931335,0.7973415851593018
1.5242999792099,1.5545852184295654
1.2034000158309937,1.2113248109817505
0.6504999995231628,0.6504147052764893
0.6729999780654907,0.7100704312324524
1.134600043296814,1.1345990896224976
0.63919997215271,0.6360936164855957
1.9139000177383423,1.9955936670303345
1.2148000001907349,1.1933653354644775
0.4253000020980835,0.4268227219581604
2.074399948120117,2.1361260414123535
2.1087000370025635,2.119729518890381
0.7179999947547913,0.7319844365119934
0.39149999618530273,0.2994961142539978
0.23389999568462372,0.30371761322021484
0.4253000020980835,0.35732245445251465
0.8981999754905701,0.9075009226799011
1.34089994430542,1.329609751701355
1.9368000030517578,1.9649286270141602
0.38029998540878296,0.2994961142539978
1.8910000324249268,1.9361628293991089
0.5828999876976013,0.5860602855682373
0.8418999910354614,0.8343214988708496
1.7648999691009521,1.8038667440414429
1.719099998474121,1.7031333446502686
1.134600043296814,1.1276196241378784
1.6618000268936157,1.6566890478134155
0.5041000247001648,0.5358745455741882
1.409600019454956,1.3614801168441772
1.134600043296814,1.1183445453643799
0.27889999747276306,0.2994961142539978
0.9207000136375427,0.8993477821350098
0.5716999769210815,0.569682240486145
1.444000005722046,1.4522325992584229
1.260699987411499,1.2394131422042847
1.5815999507904053,1.662578821182251
1.7419999837875366,1.7717373371124268
1.7648999691009521,1.7854974269866943
1.593000054359436,1.615716576576233
2.131700038909912,2.194348096847534
2.246299982070923,2.333540678024292
1.363800048828125,1.3565231561660767
0.7179999947547913,0.7447879910469055
1.260699987411499,1.2504112720489502
1.7419999837875366,1.8030459880828857
0.5604000091552734,0.5644769668579102
0.414000004529953,0.4359753131866455
2.0629000663757324,1.9909571409225464
0.39149999618530273,0.2994961142539978
1.180400013923645,1.1630300283432007
1.5356999635696411,1.521445631980896
0.8531000018119812,0.8188683986663818
2.223299980163574,2.2092976570129395
1.5356999635696411,1.5155364274978638
1.6503000259399414,1.6548470258712769
0.2676999866962433,0.30371761322021484
0.2676999866962433,0.2994961142539978
0.751800000667572,0.7493233680725098
1.9598000049591064,2.00842547416687
1.9254000186920166,1.949981689453125
1.2148000001907349,1.204832911491394
1.2263000011444092,1.1901390552520752
1.8107999563217163,1.853397011756897
0.9545000195503235,0.9411075115203857
1.5356999635696411,1.5242466926574707
1.3179999589920044,1.3115479946136475
0.48159998655319214,0.4720795154571533
0.5153999924659729,0.5475186109542847
1.2720999717712402,1.265623927116394
0.38029998540878296,0.3869662880897522
2.188999891281128,2.1804163455963135
1.753499984741211,1.7473998069763184
2.223299980163574,2.264899492263794
1.134600043296814,1.1127610206604004
0.7742999792098999,0.7776811718940735
0.3578000068664551,0.30371761322021484
2.1087000370025635,2.2094035148620605
0.6955000162124634,0.6728508472442627
1.3867000341415405,1.3700339794158936
0.6843000054359436,0.6959577798843384
1.7304999828338623,1.8087512254714966
0.3127000033855438,0.2994961142539978
1.3293999433517456,1.333723545074463
0.48159998655319214,0.443530797958374
1.6962000131607056,1.7549407482147217
1.0333000421524048,1.040632963180542
0.5491999983787537,0.5522119402885437
1.2263000011444092,1.214334487915039
1.2835999727249146,1.268673300743103
1.7304999828338623,1.7033880949020386
1.570099949836731,1.5568379163742065
0.751800000667572,0.7373706698417664
1.3753000497817993,1.3933510780334473
0.9882000088691711,0.9452996850013733
1.719099998474121,1.7630267143249512
1.9139000177383423,1.8794230222702026
0.23389999568462372,0.30371761322021484
0.886900007724762,0.871783971786499
1.363800048828125,1.332351803779602
0.6955000162124634,0.7017925381660461
0.3578000068664551,0.30371761322021484
0.3352000117301941,0.2994961142539978
1.5815999507904053,1.6604207754135132
1.6274000406265259,1.6695739030838013
1.2491999864578247,1.225767970085144
2.188999891281128,2.1655020713806152
0.45910000801086426,0.47999244928359985
1.444000005722046,1.4226644039154053
0.45910000801086426,0.480232298374176
1.5242999792099,1.4982457160949707
1.6274000406265259,1.5899267196655273
2.0857999324798584,2.052548885345459
1.4326000213623047,1.422550916671753
1.4211000204086304,1.4008452892303467
0.44780001044273376,0.4652685523033142
0.5716999769210815,0.5697326064109802
0.628000020980835,0.6287804245948792
0.6166999936103821,0.6362951397895813
0.3578000068664551,0.30371761322021484
1.982699990272522,2.0050175189971924
1.8681000471115112,1.8757213354110718
1.3982000350952148,1.367113471031189
2.269200086593628,2.3307557106018066
1.719099998474121,1.7529844045639038
2.1431000232696533,2.199946641921997
1.5127999782562256,1.5006157159805298
1.9483000040054321,1.9105408191680908
1.5242999792099,1.53278648853302
2.257699966430664,2.2517786026000977
2.211899995803833,2.3082544803619385
2.0285000801086426,2.0293219089508057
1.7648999691009521,1.7523193359375
1.4326000213623047,1.4508323669433594
0.492900013923645,0.4798325300216675
1.134600043296814,1.1319553852081299
0.9319000244140625,0.9137441515922546
1.856600046157837,1.8165944814682007
0.9994999766349792,0.9955914616584778
2.1431000232696533,2.024406909942627
2.223299980163574,2.1096458435058594
0.628000020980835,0.5863770246505737
2.257699966430664,2.255028486251831
0.9319000244140625,0.9264394640922546
1.9711999893188477,1.9331026077270508
1.3179999589920044,1.3215364217758179
2.1431000232696533,2.106137990951538
1.7075999975204468,1.7163993120193481
1.1008000373840332,1.0892664194107056
1.7304999828338623,1.775447964668274
1.9483000040054321,2.0091357231140137
2.188999891281128,2.2115442752838135
2.177500009536743,2.2168493270874023
1.3523000478744507,1.3638958930969238
1.0444999933242798,1.0352749824523926
0.8755999803543091,0.8686287999153137
0.5716999769210815,0.5960504412651062
2.1087000370025635,2.1429951190948486
0.5378999710083008,0.551399290561676
0.7067999839782715,0.7055084705352783
0.5828999876976013,0.584047257900238
0.9656999707221985,0.9554477334022522
0.48159998655319214,0.30371761322021484
1.3293999433517456,1.2963426113128662
0.3127000033855438,0.30371761322021484
0.5716999769210815,0.54539555311203
2.223299980163574,2.247667074203491
2.154599905014038,2.1590259075164795
1.799299955368042,1.7866853475570679
1.055799961090088,1.0340629816055298
2.074399948120117,2.0909037590026855
1.9483000040054321,1.9551759958267212
0.6617000102996826,0.6811496019363403
2.2004001140594482,2.2193102836608887
2.1659998893737793,2.252744197845459
1.7419999837875366,1.7335069179534912
0.7968000173568726,0.7947458028793335
0.7067999839782715,0.6958036422729492
0.5266000032424927,0.5512507557868958
0.8531000018119812,0.844868540763855
1.0670000314712524,1.065558910369873
0.8306000232696533,0.833945095539093
1.48989999294281,1.4357612133026123
1.799299955368042,1.8406951427459717
1.4555000066757202,1.4150567054748535
0.2451999932527542,0.30371761322021484
1.7419999837875366,1.7914565801620483
0.7404999732971191,0.7102792859077454
0.8644000291824341,0.8632408380508423
2.0399999618530273,1.9758256673812866
1.799299955368042,1.8530422449111938
2.0973000526428223,2.0632076263427734
0.6504999995231628,0.6200453042984009
1.6962000131607056,1.735183596611023
1.363800048828125,1.345197319984436
1.2263000011444092,1.1965303421020508
0.27889999747276306,0.30371761322021484
1.8336999416351318,1.8709520101547241
1.0670000314712524,1.0566625595092773
1.8336999416351318,1.9222259521484375
2.0857999324798584,2.0767877101898193
1.363800048828125,1.345744013786316
1.1575000286102295,1.1453543901443481
1.2263000011444092,1.22548246383667
0.6504999995231628,0.6413024067878723
1.0444999933242798,1.030609130859375
0.63919997215271,0.6258990168571472
0.492900013923645,0.5116413235664368
1.9483000040054321,2.069253921508789
1.010699987411499,1.0022943019866943
2.2004001140594482,2.2571043968200684
1.9598000049591064,1.9729139804840088
1.1232999563217163,1.1000051498413086
1.2376999855041504,1.2081655263900757
0.9769999980926514,0.9649907946586609
1.6159000396728516,1.6846781969070435
0.8981999754905701,0.907596230506897
1.4211000204086304,1.4222651720046997
1.3867000341415405,1.3463808298110962
1.1008000373840332,1.0900036096572876
0.6843000054359436,0.6686624884605408
1.8336999416351318,1.8458715677261353
1.673200011253357,1.6902109384536743
0.8644000291824341,0.8643868565559387
0.9769999980926514,0.9697123169898987
0.6843000054359436,0.7215206027030945
1.2720999717712402,1.2505407333374023
1.0444999933242798,1.0434356927871704
1.753499984741211,1.799904227256775
1.2720999717712402,1.2544925212860107
1.48989999294281,1.4817410707473755
1.6962000131607056,1.6743265390396118
0.2676999866962433,0.30371761322021484
1.2835999727249146,1.2569559812545776
2.0285000801086426,2.0594561100006104
0.6843000054359436,0.673941969871521
1.8910000324249268,1.9429235458374023
0.36899998784065247,0.2994961142539978
1.6503000259399414,1.6932334899902344
0.9319000244140625,0.9322342872619629
1.34089994430542,1.3183022737503052
1.0895999670028687,1.073727011680603
2.269200086593628,2.3162100315093994
0.3352000117301941,0.30371761322021484
1.134600043296814,1.1287716627120972
1.1919000148773193,1.167711853981018
0.3578000068664551,0.2994961142539978
0.9207000136375427,0.8971887826919556
1.7419999837875366,1.7873457670211792
1.30649995803833,1.299000859260559
0.2563999891281128,0.2994961142539978
2.257699966430664,2.2911856174468994
0.2451999932527542,0.2994961142539978
1.0219999551773071,1.018013596534729
0.9207000136375427,0.9275520443916321
2.1087000370025635,2.0805556774139404
1.5585999488830566,1.5755053758621216
2.0055999755859375,2.0271804332733154
0.4253000020980835,0.4174067974090576
1.1919000148773193,1.173224925994873
0.3127000033855438,0.30371761322021484
0.6729999780654907,0.6884660720825195
0.3578000068664551,0.30371761322021484
1.0895999670028687,1.0695271492004395
1.7648999691009521,1.7844223976135254
1.363800048828125,1.3376494646072388
1.30649995803833,1.3306626081466675
1.7304999828338623,1.7202584743499756
2.074399948120117,2.0729687213897705
1.9254000186920166,1.9275342226028442
0.886900007724762,0.8634663224220276
1.2263000011444092,1.2103639841079712
0.63919997215271,0.632080078125
0.6166999936103821,0.6034805178642273
1.6847000122070312,1.6887129545211792
0.3127000033855438,0.2994961142539978
0.605400025844574,0.6239792704582214
1.5127999782562256,1.5270107984542847
1.9483000040054321,1.9945420026779175
1.0895999670028687,1.0763421058654785
1.1690000295639038,1.1625289916992188
1.2376999855041504,1.2311965227127075
1.0670000314712524,1.0721449851989746
0.38029998540878296,0.40024006366729736
1.2148000001907349,1.2291144132614136
0.38029998540878296,0.4081729054450989
2.1659998893737793,2.1864562034606934
1.6847000122070312,1.6342970132827759
0.7067999839782715,0.6992558240890503
1.8107999563217163,1.7836596965789795
1.5815999507904053,1.571690559387207
1.6962000131607056,1.6943565607070923
1.0219999551773071,1.0283786058425903
2.1659998893737793,2.1204981803894043
0.9093999862670898,0.9027552604675293
1.3179999589920044,1.3255906105041504
1.7763999700546265,1.750671148300171
2.2004001140594482,2.299292802810669
1.6962000131607056,1.6916897296905518
1.1121000051498413,1.089746356010437
1.9483000040054321,1.9955037832260132
0.605400025844574,0.6203487515449524
2.1659998893737793,2.181269645690918
1.6618000268936157,1.703696608543396
1.7763999700546265,1.8111352920532227
2.1431000232696533,2.20149564743042
1.4668999910354614,1.4732178449630737
1.6618000268936157,1.6327903270721436
0.3240000009536743,0.30371761322021484
1.8681000471115112,1.9562623500823975
1.856600046157837,1.807407021522522
1.8451000452041626,1.867652416229248
0.39149999618530273,0.30371761322021484
0.3127000033855438,0.41475236415863037
1.753499984741211,1.7001142501831055
0.436599999666214,0.403083860874176
1.4211000204086304,1.4451203346252441
1.8336999416351318,1.8415261507034302
0.21140000224113464,0.30371761322021484
0.886900007724762,0.8829003572463989
0.8644000291824341,0.8574945330619812
1.1121000051498413,1.107627272605896
0.3240000009536743,0.30371761322021484
1.753499984741211,1.7663341760635376
0.6729999780654907,0.6538223624229431
0.63919997215271,0.6436169147491455
2.1201999187469482,2.1792914867401123
0.9769999980926514,0.9815430045127869
0.23389999568462372,0.2994961142539978
1.5127999782562256,1.4833567142486572
1.260699987411499,1.2532840967178345
0.39149999618530273,0.2994961142539978
1.1690000295639038,1.1539597511291504
1.856600046157837,1.922781229019165
2.0513999462127686,1.9930288791656494
2.269200086593628,2.205537796020508
2.0857999324798584,2.081188440322876
0.9882000088691711,0.977174699306488
2.1659998893737793,2.2005221843719482
0.5378999710083008,0.5324087142944336
1.409600019454956,1.4262802600860596
1.1919000148773193,1.18936288356781
0.6504999995231628,0.6702892780303955
0.2563999891281128,0.2994961142539978
0.7404999732971191,0.7393149733543396
1.753499984741211,1.723475456237793
1.6045000553131104,1.5675708055496216
0.7856000065803528,0.7787960767745972
0.7631000280380249,0.7721341848373413
1.0895999670028687,1.0893690586090088
0.5716999769210815,0.5350518822669983
1.6045000553131104,1.6026455163955688
1.8107999563217163,1.8103821277618408
0.30149999260902405,0.2994961142539978
0.7856000065803528,0.7926265001296997
0.605400025844574,0.6025535464286804
2.246299982070923,2.222724199295044
1.5471999645233154,1.5305249691009521
0.5266000032424927,0.5703268647193909
1.7304999828338623,1.7175545692443848
1.9254000186920166,2.0694944858551025
1.0219999551773071,1.020625114440918
2.1201999187469482,2.1410932540893555
2.234800100326538,2.2045786380767822
0.9319000244140625,0.92739337682724
0.9769999980926514,0.9735435247421265
2.0399999618530273,2.031996011734009
0.6504999995231628,0.6484317779541016
1.1121000051498413,1.1088567972183228
1.5012999773025513,1.5000262260437012
0.3127000033855438,0.2994961142539978
1.48989999294281,1.510682225227356
0.5378999710083008,0.5035872459411621
0.7742999792098999,0.7561674118041992
1.48989999294281,1.444503664970398
1.5471999645233154,1.545061707496643
0.8981999754905701,0.8728778958320618
1.4783999919891357,1.4447293281555176
1.1461000442504883,1.1374754905700684
0.7179999947547913,0.7038663625717163
1.5471999645233154,1.5204969644546509
0.3240000009536743,0.2994961142539978
1.1232999563217163,1.1007699966430664
2.1087000370025635,2.2321972846984863
0.5491999983787537,0.518044114112854
0.5604000091552734,0.5524840950965881
1.2835999727249146,1.266340732574463
1.7419999837875366,1.7625867128372192
2.0857999324798584,2.0902366638183594
1.5356999635696411,1.5359607934951782
0.2676999866962433,0.30371761322021484
1.2720999717712402,1.265186071395874
0.39149999618530273,0.2994961142539978
0.21140000224113464,0.30371761322021484
2.211899995803833,2.151986837387085
1.982699990272522,1.9807854890823364
0.8080999851226807,0.7732523679733276
1.753499984741211,1.7863906621932983
0.23389999568462372,0.2994961142539978
0.3578000068664551,0.39715105295181274
1.444000005722046,1.4438856840133667
0.8755999803543091,0.8865032196044922
2.1431000232696533,2.2121686935424805
0.5942000150680542,0.5967025756835938
0.5041000247001648,0.5658953785896301
1.7419999837875366,1.7263466119766235
0.6504999995231628,0.6412050724029541
0.3127000033855438,0.40781456232070923
0.7067999839782715,0.7059350609779358
1.6389000415802002,1.701427936553955
2.223299980163574,2.215582847595215
0.8755999803543091,0.8682843446731567
2.2004001140594482,2.220078229904175
0.605400025844574,0.6002413034439087
0.4253000020980835,0.2994961142539978
1.6389000415802002,1.6135907173156738
1.570099949836731,1.592633843421936
2.0973000526428223,2.1595730781555176
1.5471999645233154,1.5511833429336548
0.605400025844574,0.5864059329032898
1.6045000553131104,1.5830107927322388
2.0399999618530273,2.001560688018799
1.7877999544143677,1.7892334461212158
0.9769999980926514,0.9705474376678467
0.8080999851226807,0.8084328174591064
0.7179999947547913,0.7418422698974609
1.7304999828338623,1.7592840194702148
1.8451000452041626,1.7853964567184448
1.673200011253357,1.633306860923767
1.0219999551773071,0.9976696372032166
1.1121000051498413,1.0957767963409424
1.4668999910354614,1.449107050895691
2.0171000957489014,1.959535837173462
2.246299982070923,2.238281011581421
1.8681000471115112,1.8884509801864624
1.1121000051498413,1.0912026166915894
0.39149999618530273,0.4039713740348816
2.234800100326538,2.2728757858276367
1.9139000177383423,1.8260401487350464
1.260699987411499,1.2285689115524292
0.6955000162124634,0.6648093461990356
0.605400025844574,0.6266981959342957
1.9711999893188477,2.0108001232147217
1.2263000011444092,1.229620337486267
2.0629000663757324,2.1103522777557373
1.8451000452041626,1.8082064390182495
1.593000054359436,1.594877004623413
1.673200011253357,1.6851346492767334
1.6847000122070312,1.6929110288619995
0.8080999851226807,0.8372719883918762
1.8451000452041626,1.916399598121643
1.8795000314712524,1.9255832433700562
0.9994999766349792,0.969200849533081
1.6389000415802002,1.63210129737854
1.444000005722046,1.4483706951141357
0.6729999780654907,0.6905537247657776
0.886900007724762,0.856364905834198
1.4555000066757202,1.488227367401123
0.3240000009536743,0.2994961142539978
1.5471999645233154,1.5771759748458862
1.1121000051498413,1.1089156866073608
0.7404999732971191,0.7259031534194946
1.4783999919891357,1.498935580253601
2.131700038909912,2.124494791030884
1.1232999563217163,1.1187394857406616
1.7877999544143677,1.8639057874679565
0.3127000033855438,0.2994961142539978
1.6847000122070312,1.7049442529678345
1.5471999645233154,1.5193060636520386
2.0629000663757324,2.0779879093170166
1.7075999975204468,1.6698405742645264
2.269200086593628,2.1880033016204834
0.36899998784065247,0.2994961142539978
1.055799961090088,1.0522857904434204
1.2376999855041504,1.250424861907959
0.8306000232696533,0.8070715069770813
1.0670000314712524,1.0600725412368774
0.605400025844574,0.49617207050323486
0.3240000009536743,0.2994961142539978
1.2034000158309937,1.1904675960540771
0.3465000092983246,0.30371761322021484
1.1919000148773193,1.1880698204040527
0.5041000247001648,0.5254119634628296
1.0444999933242798,1.029721736907959
0.2563999891281128,0.30371761322021484
1.0895999670028687,1.0696463584899902
0.5378999710083008,0.5520221590995789
1.1008000373840332,1.1065045595169067
1.2376999855041504,1.230092167854309
1.8910000324249268,1.9592254161834717
2.2004001140594482,2.263735771179199
0.27889999747276306,0.30371761322021484
1.055799961090088,1.051517128944397
0.3578000068664551,0.2994961142539978
2.0513999462127686,2.110274076461792
2.0629000663757324,2.050337314605713
0.8194000124931335,0.8060301542282104
1.2835999727249146,1.2613651752471924
1.799299955368042,1.7792459726333618
0.6729999780654907,0.6665169596672058
1.2835999727249146,1.2423378229141235
0.8981999754905701,0.8976385593414307
2.2004001140594482,2.215794086456299
0.30149999260902405,0.30371761322021484
2.0399999618530273,2.0936496257781982
0.436599999666214,0.47958147525787354
1.2491999864578247,1.2298930883407593
1.055799961090088,1.0464202165603638
2.1087000370025635,2.2085111141204834
1.9711999893188477,2.0237443447113037
1.673200011253357,1.6374233961105347
0.2676999866962433,0.30371761322021484
1.719099998474121,1.7656826972961426
0.6166999936103821,0.624255359172821
0.22269999980926514,0.30371761322021484
1.5356999635696411,1.5138771533966064
0.2451999932527542,0.2994961142539978
1.0444999933242798,1.034608006477356
0.7179999947547913,0.7186489701271057
1.444000005722046,1.4303112030029297
1.593000054359436,1.609889030456543
1.3179999589920044,1.290680170059204
0.8981999754905701,0.8845707774162292
0.8981999754905701,0.9043962955474854
1.4668999910354614,1.4881614446640015
1.8221999406814575,1.848682165145874
1.4326000213623047,1.3997851610183716
2.0399999618530273,2.0032975673675537
1.0219999551773071,1.0086942911148071
1.5242999792099,1.5150353908538818
2.2004001140594482,2.2027955055236816
2.0973000526428223,2.1696512699127197
1.7304999828338623,1.7211833000183105
1.982699990272522,2.004312753677368
1.982699990272522,1.9978481531143188
1.2263000011444092,1.1955665349960327
1.5815999507904053,1.5718200206756592
0.5378999710083008,0.5226750373840332
2.0171000957489014,2.0342047214508057
1.7075999975204468,1.6823056936264038
2.0055999755859375,2.077531337738037
1.9483000040054321,1.961357831954956
0.63919997215271,0.628899335861206
0.3578000068664551,0.2994961142539978
1.7304999828338623,1.7290228605270386
0.5491999983787537,0.5437074899673462
1.1121000051498413,1.1159473657608032
1.8795000314712524,1.9157508611679077
0.6729999780654907,0.7017956376075745
0.5828999876976013,0.5602414608001709
0.7067999839782715,0.6942996382713318
2.269200086593628,2.2722578048706055
1.2148000001907349,1.2056152820587158
1.2263000011444092,1.2236896753311157
1.48989999294281,1.4775984287261963
0.5041000247001648,0.5179531574249268
1.8681000471115112,1.7778288125991821
1.134600043296814,1.138654351234436
1.3753000497817993,1.3325870037078857
0.8755999803543091,0.8767260909080505
2.234800100326538,2.225088357925415
0.5491999983787537,0.5443753600120544
1.1232999563217163,1.1066384315490723
1.4326000213623047,1.3912194967269897
0.4253000020980835,0.4161455035209656
2.1201999187469482,2.112466335296631
1.5356999635696411,1.5656753778457642
2.0629000663757324,2.1030054092407227
1.2835999727249146,1.271826982498169
1.260699987411499,1.2285133600234985
1.3982000350952148,1.4042161703109741
1.1690000295639038,1.1638989448547363
1.0895999670028687,1.0815469026565552
2.1431000232696533,2.1798713207244873
0.6729999780654907,0.6741973161697388
0.628000020980835,0.6555652022361755
0.2563999891281128,0.2994961142539978
1.7419999837875366,1.745386004447937
1.055799961090088,1.0266727209091187
1.3179999589920044,1.3149335384368896
2.223299980163574,2.214146375656128
1.260699987411499,1.2505769729614258
1.8910000324249268,1.9607622623443604
0.9431999921798706,0.9184226989746094
1.6159000396728516,1.5939525365829468
2.0857999324798584,1.9581228494644165
2.234800100326538,2.2494211196899414
0.9769999980926514,0.9800704717636108
1.8107999563217163,1.741999864578247
0.3465000092983246,0.2994961142539978
1.3293999433517456,1.2985533475875854
2.1431000232696533,2.1743505001068115
1.34089994430542,1.3100160360336304
0.4027999937534332,0.30371761322021484
2.074399948120117,2.058242082595825
1.4555000066757202,1.479149341583252
1.4668999910354614,1.476776361465454
0.3240000009536743,0.2994961142539978
1.444000005722046,1.451751708984375
0.7856000065803528,0.7905640602111816
1.8451000452041626,1.820529818534851
1.593000054359436,1.5427275896072388
1.5585999488830566,1.5808007717132568
1.3753000497817993,1.343149185180664
2.154599905014038,2.0915427207946777
0.45910000801086426,0.2994961142539978
1.2949999570846558,1.2957038879394531
0.8755999803543091,0.8647111058235168
0.605400025844574,0.6274489760398865
0.5828999876976013,0.5839195251464844
0.5153999924659729,0.5221101641654968
1.2034000158309937,1.1794840097427368
1.0333000421524048,1.0330277681350708
1.0333000421524048,1.0338178873062134
1.2263000011444092,1.2027533054351807
1.8681000471115112,1.91669762134552
0.9545000195503235,0.9506970643997192
1.5242999792099,1.4762578010559082
2.0973000526428223,2.0493762493133545
1.48989999294281,1.479289174079895
1.4211000204086304,1.4355307817459106
0.8755999803543091,0.8537213206291199
1.8910000324249268,1.9591364860534668
0.6504999995231628,0.6506767272949219
0.9882000088691711,0.9719058871269226
1.7648999691009521,1.8285928964614868
1.9368000030517578,1.9530837535858154
1.444000005722046,1.4476345777511597
2.177500009536743,2.285205602645874
1.055799961090088,1.0559407472610474
1.3982000350952148,1.3928637504577637
1.9711999893188477,2.0148043632507324
0.7293000221252441,0.7362464666366577
0.7404999732971191,0.7508944272994995
1.4211000204086304,1.3889485597610474
1.409600019454956,1.3850975036621094
2.0399999618530273,2.05914306640625
1.6274000406265259,1.6283661127090454
1.34089994430542,1.3332815170288086
2.154599905014038,2.084953784942627
1.6618000268936157,1.656917929649353
2.246299982070923,2.1724629402160645
1.9254000186920166,1.9632641077041626
0.6955000162124634,0.6885696053504944
0.3127000033855438,0.30371761322021484
0.8644000291824341,0.8701731562614441
1.409600019454956,1.3930941820144653
1.799299955368042,1.8469781875610352
1.8336999416351318,1.8354241847991943
1.7877999544143677,1.7695200443267822
2.0629000663757324,2.0199432373046875
0.5041000247001648,0.5052461624145508
1.409600019454956,1.3954782485961914
2.0513999462127686,2.157357931137085
2.246299982070923,2.2449910640716553
0.9431999921798706,0.9323348999023438
1.055799961090088,1.0360015630722046
0.2676999866962433,0.30371761322021484
1.0444999933242798,1.0268142223358154
0.7293000221252441,0.7331476807594299
2.257699966430664,2.2158172130584717
1.8681000471115112,1.9090815782546997
2.177500009536743,2.1299171447753906
0.2563999891281128,0.30371761322021484
1.8681000471115112,1.8840574026107788
1.5127999782562256,1.521364450454712
1.9711999893188477,1.989978313446045
0.414000004529953,0.39180684089660645
0.8418999910354614,0.8048421144485474
0.7293000221252441,0.7140131592750549
1.8336999416351318,1.859021782875061
2.223299980163574,2.244049310684204
0.9994999766349792,0.9785235524177551
0.23389999568462372,0.2994961142539978
0.492900013923645,0.4829525947570801
0.7742999792098999,0.7778303027153015
0.886900007724762,0.873706042766571
1.30649995803833,1.2844783067703247
0.7067999839782715,0.683154284954071
0.7631000280380249,0.7681434154510498
0.7067999839782715,0.7220537066459656
2.131700038909912,2.2429580688476562
1.570099949836731,1.579325556755066
1.1919000148773193,1.1916073560714722
1.3753000497817993,1.3586452007293701
1.5127999782562256,1.4549635648727417
2.0973000526428223,2.1499128341674805
2.1201999187469482,2.0969388484954834
1.982699990272522,2.0543434619903564
1.9254000186920166,1.9623358249664307
1.134600043296814,1.1257386207580566
1.982699990272522,2.0302090644836426
1.134600043296814,1.1244157552719116
0.886900007724762,0.8645718097686768
0.9769999980926514,0.965982973575592
1.0670000314712524,1.047447919845581
2.257699966430664,2.277388572692871
1.8795000314712524,1.928902268409729
1.799299955368042,1.8189066648483276
2.154599905014038,2.138047218322754
2.131700038909912,2.1163923740386963
0.5266000032424927,0.5182841420173645
0.3240000009536743,0.2994961142539978
0.23389999568462372,0.30371761322021484
1.8681000471115112,1.9028209447860718
1.0444999933242798,1.0295062065124512
2.0171000957489014,2.124601364135742
1.9711999893188477,1.9742592573165894
2.0857999324798584,2.108982563018799
0.30149999260902405,0.2994961142539978
1.6962000131607056,1.6995494365692139
1.5127999782562256,1.506787896156311
0.886900007724762,0.8848521709442139
0.27889999747276306,0.30371761322021484
0.6617000102996826,0.6498070955276489
1.134600043296814,1.132676362991333
1.7877999544143677,1.8203909397125244
2.0973000526428223,2.0919532775878906
0.6729999780654907,0.6482340693473816
0.436599999666214,0.44392848014831543
1.5127999782562256,1.5022916793823242
0.5604000091552734,0.5790023803710938
0.2676999866962433,0.30371761322021484
0.5266000032424927,0.5359944105148315
0.2676999866962433,0.30371761322021484
1.5471999645233154,1.4797511100769043
2.1087000370025635,2.1661417484283447
1.2263000011444092,1.2085005044937134
0.3578000068664551,0.2994961142539978
1.7877999544143677,1.7336713075637817
1.5012999773025513,1.5274288654327393
1.9254000186920166,1.999346375465393
0.7293000221252441,0.7373775243759155
1.7075999975204468,1.6946712732315063
0.8080999851226807,0.8008779287338257
0.5041000247001648,0.5087329745292664
0.605400025844574,0.6325204968452454
1.8681000471115112,1.916591763496399
2.131700038909912,2.106010675430298
1.6847000122070312,1.6959720849990845
1.8451000452041626,1.8288459777832031
1.0219999551773071,1.0102139711380005
0.7404999732971191,0.7155100107192993
0.9319000244140625,0.9180453419685364
1.2949999570846558,1.2814148664474487
1.1232999563217163,1.1035702228546143
1.0782999992370605,1.06424081325531
0.8194000124931335,0.8028930425643921
1.2491999864578247,1.2416651248931885
2.246299982070923,2.201033115386963
2.1087000370025635,2.153224468231201
1.5585999488830566,1.577033519744873
0.9656999707221985,0.9327871203422546
1.444000005722046,1.4703298807144165
1.6045000553131104,1.5748211145401
0.8418999910354614,0.8202251195907593
0.63919997215271,0.6325788497924805
1.3523000478744507,1.3554550409317017
2.0513999462127686,2.121220350265503
0.5828999876976013,0.5956795811653137
0.3127000033855438,0.30371761322021484
0.9431999921798706,0.9370865821838379
0.5041000247001648,0.5113142132759094
0.29019999504089355,0.2994961142539978
0.63919997215271,0.6497380137443542
1.6503000259399414,1.6488820314407349
0.8418999910354614,0.850470244884491
1.055799961090088,1.0320210456848145
1.1461000442504883,1.1163562536239624
1.4211000204086304,1.4158629179000854
2.211899995803833,2.204148054122925
0.30149999260902405,0.30371761322021484
0.492900013923645,0.49450182914733887
2.269200086593628,2.2912583351135254
1.180400013923645,1.1626561880111694
1.9139000177383423,1.974365234375
0.2563999891281128,0.2994961142539978
0.8080999851226807,0.8227764964103699
1.9368000030517578,2.0959248542785645
0.9994999766349792,1.006442904472351
1.9139000177383423,1.9916496276855469
1.3982000350952148,1.400348424911499
0.3240000009536743,0.30371761322021484
2.0171000957489014,1.9509894847869873
0.9545000195503235,0.9431123733520508
1.48989999294281,1.4795366525650024
0.7404999732971191,0.7456701397895813
2.074399948120117,2.164409637451172
0.39149999618530273,0.30371761322021484
2.1201999187469482,2.247735023498535
2.234800100326538,2.211503744125366
0.8755999803543091,0.8640233874320984
0.38029998540878296,0.30371761322021484
0.8981999754905701,0.9111113548278809
0.45910000801086426,0.4263928532600403
1.1919000148773193,1.1543750762939453
0.9431999921798706,0.9242762327194214
1.5242999792099,1.5417917966842651
2.0513999462127686,2.1520636081695557
0.605400025844574,0.6139010787010193
0.7067999839782715,0.7180749177932739
1.0333000421524048,1.0259120464324951
0.7404999732971191,0.7540688514709473
0.7404999732971191,0.7230759859085083
1.2949999570846558,1.2544506788253784
0.5716999769210815,0.6086296439170837
1.0670000314712524,1.0639300346374512
2.0055999755859375,2.0392227172851562
0.23389999568462372,0.2994961142539978
1.409600019454956,1.384093999862671
0.5266000032424927,0.5007069706916809
1.6503000259399414,1.6795085668563843
0.8755999803543091,0.8554396033287048
0.8981999754905701,0.8663730025291443
0.36899998784065247,0.2994961142539978
2.0171000957489014,2.0408122539520264
1.8107999563217163,1.7704209089279175
0.27889999747276306,0.2994961142539978
1.134600043296814,1.12772798538208
0.38029998540878296,0.37791574001312256
0.8981999754905701,0.8747219443321228
1.1008000373840332,1.0910005569458008
0.44780001044273376,0.48998814821243286
1.1008000373840332,1.0802918672561646
2.074399948120117,2.0776865482330322
0.2563999891281128,0.2994961142539978
1.3293999433517456,1.3251979351043701
0.5153999924659729,0.5036467909812927
0.436599999666214,0.40415477752685547
0.5378999710083008,0.4688011407852173
1.5242999792099,1.5120261907577515
0.5716999769210815,0.5773128271102905
1.4555000066757202,1.4511616230010986
1.0444999933242798,1.0427844524383545
0.8644000291824341,0.8521194458007812
2.0171000957489014,1.9906160831451416
1.3753000497817993,1.3544197082519531
1.673200011253357,1.673211693763733
0.7968000173568726,0.7795599102973938
0.9994999766349792,0.9720943570137024
1.4555000066757202,1.43673574924469
0.5491999983787537,0.5685356855392456
1.9254000186920166,1.9619688987731934
1.7763999700546265,1.8289633989334106
0.9769999980926514,0.9829986095428467
1.5471999645233154,1.5713298320770264
0.5266000032424927,0.5244221687316895
1.9483000040054321,2.0008668899536133
0.5378999710083008,0.48264145851135254
1.4326000213623047,1.4064828157424927
0.7631000280380249,0.7442770004272461
1.9711999893188477,2.0557427406311035
1.593000054359436,1.6052899360656738
0.9545000195503235,0.9339433908462524
1.6962000131607056,1.7552777528762817
1.6618000268936157,1.6760776042938232
0.3352000117301941,0.30371761322021484
0.47029998898506165,0.39470499753952026
1.8910000324249268,1.976618766784668
1.5012999773025513,1.5388827323913574
0.6504999995231628,0.6345187425613403
1.9940999746322632,2.01816987991333
1.3753000497817993,1.33784818649292
0.6729999780654907,0.6809405088424683
1.4783999919891357,1.4612352848052979
0.605400025844574,0.6132886409759521
1.0444999933242798,1.0272802114486694
1.5127999782562256,1.5209511518478394
0.5942000150680542,0.5899695754051208
2.211899995803833,2.1875603199005127
0.436599999666214,0.2994961142539978
1.8795000314712524,1.9405134916305542
0.7179999947547913,0.7413641810417175
1.444000005722046,1.4064985513687134
0.628000020980835,0.6166673302650452
2.1087000370025635,2.018340587615967
2.0513999462127686,2.1102685928344727
2.0973000526428223,2.173912763595581
1.799299955368042,1.8535213470458984
1.9940999746322632,2.1332201957702637
2.223299980163574,2.213137149810791
0.5604000091552734,0.5130805373191833
1.8795000314712524,1.8054587841033936
0.5716999769210815,0.5625297427177429
1.9711999893188477,1.9422978162765503
2.1431000232696533,2.213186740875244
1.9139000177383423,1.8831080198287964
1.902400016784668,1.9189598560333252
0.9882000088691711,0.9925854206085205
2.1087000370025635,2.2085394859313965
1.7648999691009521,1.8025383949279785
1.7877999544143677,1.7457422018051147
1.0670000314712524,1.0433868169784546
0.8755999803543091,0.880616307258606
2.0171000957489014,1.9908578395843506
1.5012999773025513,1.4746290445327759
0.5491999983787537,0.5802336931228638
0.7968000173568726,0.8181625604629517
1.3867000341415405,1.3760324716567993
1.9483000040054321,1.9110933542251587
1.7763999700546265,1.8751797676086426
0.45910000801086426,0.4558212161064148
0.436599999666214,0.30371761322021484
1.3753000497817993,1.346860647201538
1.673200011253357,1.6483864784240723
1.856600046157837,1.893872618675232
0.492900013923645,0.48377835750579834
0.5266000032424927,0.5342944264411926
1.444000005722046,1.456334114074707
0.7179999947547913,0.7359856367111206
1.8451000452041626,1.863669514656067
2.177500009536743,2.2280020713806152
1.9940999746322632,2.164513349533081
0.3465000092983246,0.2994961142539978
0.9545000195503235,0.9563100337982178
0.44780001044273376,0.4581170082092285
1.4211000204086304,1.3783485889434814
1.9254000186920166,1.9886468648910522
2.269200086593628,2.275346279144287
1.5127999782562256,1.506746530532837
1.0219999551773071,1.0060381889343262
1.444000005722046,1.4218934774398804
2.1087000370025635,2.0545742511749268
0.36899998784065247,0.30371761322021484
1.0219999551773071,1.0159156322479248
0.9093999862670898,0.904108464717865
0.3465000092983246,0.30371761322021484
1.2491999864578247,1.2717469930648804
2.177500009536743,2.1316235065460205
1.3753000497817993,1.3456826210021973
2.1201999187469482,2.152327537536621
0.5378999710083008,0.5142172574996948
0.3578000068664551,0.30371761322021484
1.982699990272522,2.0728719234466553
0.3465000092983246,0.41439563035964966
0.6843000054359436,0.6416823267936707
1.9368000030517578,1.9358216524124146
0.8981999754905701,0.894289493560791
0.492900013923645,0.4510723352432251
0.29019999504089355,0.2994961142539978
1.982699990272522,2.115762948989868
0.3578000068664551,0.30371761322021484
1.1008000373840332,1.0814456939697266
0.4253000020980835,0.45327383279800415
0.9431999921798706,0.9291930794715881
1.5471999645233154,1.5624492168426514
0.45910000801086426,0.45975154638290405
2.1087000370025635,2.168055295944214
1.134600043296814,1.1143454313278198
0.8306000232696533,0.8119605779647827
0.2676999866962433,0.2994961142539978
1.2376999855041504,1.2166132926940918
1.8451000452041626,1.8115134239196777
1.799299955368042,1.8587843179702759
0.492900013923645,0.5093839764595032
2.1659998893737793,2.2101809978485107
1.8795000314712524,1.910166621208191
0.38029998540878296,0.4222787618637085
0.20010000467300415,0.30371761322021484
1.363800048828125,1.355503797531128
1.856600046157837,1.877509593963623
0.3352000117301941,0.30371761322021484
1.593000054359436,1.6099296808242798
1.409600019454956,1.3921198844909668
0.23389999568462372,0.30371761322021484
1.1008000373840332,1.0909122228622437
1.1461000442504883,1.1279985904693604
0.414000004529953,0.47221624851226807
1.570099949836731,1.522709608078003
1.134600043296814,1.1343753337860107
2.1087000370025635,2.0760862827301025
1.2491999864578247,1.24080228805542
1.1008000373840332,1.0800997018814087
1.9483000040054321,2.11655855178833
1.134600043296814,1.1489053964614868
0.20010000467300415,0.2994961142539978
1.0219999551773071,1.0041126012802124
1.7648999691009521,1.756263256072998
2.1431000232696533,2.154432535171509
1.2835999727249146,1.2895381450653076
1.9711999893188477,1.9331841468811035
2.0629000663757324,2.080357074737549
2.0285000801086426,2.075953960418701
1.6503000259399414,1.6700077056884766
0.38029998540878296,0.41102135181427
0.5266000032424927,0.5196189284324646
0.2676999866962433,0.30371761322021484
1.570099949836731,1.4999655485153198
0.36899998784065247,0.30371761322021484
2.074399948120117,2.1656177043914795
1.1690000295639038,1.1378356218338013
1.6618000268936157,1.6135703325271606
1.6159000396728516,1.5850179195404053
1.6847000122070312,1.6601488590240479
2.211899995803833,2.2176361083984375
0.3352000117301941,0.30371761322021484
0.5604000091552734,0.5762959718704224
2.234800100326538,2.202610731124878
1.5012999773025513,1.509802222251892
0.492900013923645,0.45589834451675415
1.8336999416351318,1.7677720785140991
0.7293000221252441,0.6996801495552063
0.9431999921798706,0.9407832026481628
0.2451999932527542,0.2994961142539978
0.8080999851226807,0.8247385621070862
1.9368000030517578,1.8930377960205078
2.0973000526428223,2.1316449642181396
0.5378999710083008,0.5270077586174011
0.8194000124931335,0.7874313592910767
2.1431000232696533,2.211273193359375
0.436599999666214,0.37153899669647217
1.593000054359436,1.593481421470642
1.5815999507904053,1.5477243661880493
2.246299982070923,2.2709925174713135
0.23389999568462372,0.2994961142539978
1.2491999864578247,1.243656039237976
0.4253000020980835,0.2994961142539978
1.6045000553131104,1.5546594858169556
0.5153999924659729,0.42175114154815674
1.799299955368042,1.80509614944458
2.1659998893737793,2.099057674407959
1.9940999746322632,2.080073833465576
1.363800048828125,1.375949501991272
1.9940999746322632,1.9970998764038086
1.3523000478744507,1.3462728261947632
0.7742999792098999,0.7854390740394592
2.246299982070923,2.110175848007202
0.9545000195503235,0.944593608379364
2.0399999618530273,2.0750465393066406
0.22269999980926514,0.2994961142539978
0.30149999260902405,0.30371761322021484
2.154599905014038,2.1672613620758057
1.134600043296814,1.1281903982162476
1.3293999433517456,1.3087408542633057
1.8681000471115112,1.8525609970092773
2.0857999324798584,2.157930850982666
0.9431999921798706,0.9336320757865906
0.8080999851226807,0.8224980235099792
2.0055999755859375,2.081973075866699
1.3753000497817993,1.3700875043869019
0.6617000102996826,0.6632624268531799
1.260699987411499,1.2522406578063965
0.2563999891281128,0.2994961142539978
1.5471999645233154,1.5230809450149536
0.63919997215271,0.6289727091789246
1.8910000324249268,1.916880488395691
0.4027999937534332,0.465035617351532
0.23389999568462372,0.30371761322021484
1.982699990272522,1.9595861434936523
1.6274000406265259,1.5964558124542236
1.2148000001907349,1.2048964500427246
1.719099998474121,1.717834711074829
0.7742999792098999,0.772948145866394
1.2491999864578247,1.2164679765701294
2.257699966430664,2.3081867694854736
0.8306000232696533,0.8330938220024109
1.8107999563217163,1.8426021337509155
1.7648999691009521,1.8226858377456665
2.131700038909912,2.1604883670806885
1.0444999933242798,1.042866826057434
0.45910000801086426,0.47977083921432495
0.6504999995231628,0.6486845016479492
0.2563999891281128,0.2994961142539978
1.0670000314712524,1.0405290126800537
0.3465000092983246,0.2994961142539978
0.2563999891281128,0.30371761322021484
2.0629000663757324,2.0471949577331543
1.180400013923645,1.185665488243103
1.9254000186920166,1.9741686582565308
1.6618000268936157,1.6827338933944702
1.673200011253357,1.6712802648544312
0.3465000092983246,0.30371761322021484
1.4668999910354614,1.4996033906936646
0.9882000088691711,0.9856241941452026
1.0670000314712524,1.074112892150879
0.8418999910354614,0.8358356952667236
0.29019999504089355,0.2994961142539978
1.856600046157837,1.8960883617401123
0.9994999766349792,0.989242434501648
1.7419999837875366,1.7990813255310059
1.3867000341415405,1.3552857637405396
1.3179999589920044,1.2850381135940552
0.45910000801086426,0.46332424879074097
2.0973000526428223,2.0877127647399902
1.6618000268936157,1.6631613969802856
0.436599999666214,0.4128766655921936
0.45910000801086426,0.5098422765731812
1.7763999700546265,1.7868235111236572
0.414000004529953,0.30371761322021484
1.134600043296814,1.1219953298568726
1.134600043296814,1.1180694103240967
1.2148000001907349,1.1826196908950806
1.180400013923645,1.165318250656128
0.7293000221252441,0.7099050879478455
0.6843000054359436,0.6941854953765869
0.23389999568462372,0.30371761322021484
0.2563999891281128,0.30371761322021484
0.5942000150680542,0.6407788395881653
0.9207000136375427,0.921288251876831
0.7404999732971191,0.7119110822677612
1.7648999691009521,1.7988052368164062
1.5471999645233154,1.5400093793869019
0.5828999876976013,0.6318929195404053
0.3240000009536743,0.2994961142539978
1.055799961090088,1.0561778545379639
1.363800048828125,1.325319528579712
1.6274000406265259,1.6692827939987183
0.7968000173568726,0.8034501075744629
2.257699966430664,2.243014335632324
1.7419999837875366,1.638063669204712
2.131700038909912,2.2069339752197266
2.0973000526428223,2.1508660316467285
0.2676999866962433,0.30371761322021484
1.3523000478744507,1.3235841989517212
0.44780001044273376,0.3909711241722107
1.3293999433517456,1.3142707347869873
2.1201999187469482,2.1333484649658203
0.4253000020980835,0.30371761322021484
1.8451000452041626,1.882459282875061
2.234800100326538,2.252230644226074
0.6729999780654907,0.679603099822998
0.22269999980926514,0.2994961142539978
0.7067999839782715,0.722294807434082
1.6618000268936157,1.660908579826355
1.2376999855041504,1.220506191253662
1.9711999893188477,2.011394500732422
2.0973000526428223,2.0991153717041016
1.7763999700546265,1.6797027587890625
1.5585999488830566,1.5510220527648926
0.8644000291824341,0.8468533158302307
0.63919997215271,0.6755452156066895
1.2720999717712402,1.258246660232544
0.8080999851226807,0.8069763779640198
1.1461000442504883,1.1516033411026
2.234800100326538,2.312429189682007
0.9319000244140625,0.9380366802215576
0.8080999851226807,0.7968695759773254
0.8418999910354614,0.8479658365249634
0.7067999839782715,0.6757648587226868
1.3179999589920044,1.3304495811462402
1.9940999746322632,1.9565502405166626
2.188999891281128,2.2380261421203613
2.211899995803833,2.2911481857299805
1.5356999635696411,1.5660234689712524
0.886900007724762,0.8805389404296875
1.8910000324249268,1.952364206314087
1.2491999864578247,1.2274174690246582
1.982699990272522,2.1093099117279053
0.7742999792098999,0.7560105919837952
0.3352000117301941,0.30371761322021484
1.4211000204086304,1.4260693788528442
1.1121000051498413,1.105241298675537
1.409600019454956,1.426684856414795
1.673200011253357,1.6139376163482666
0.5828999876976013,0.5942115783691406
1.6503000259399414,1.6515954732894897
1.1461000442504883,1.1195526123046875
1.363800048828125,1.372193694114685
0.38029998540878296,0.30371761322021484
1.1461000442504883,1.1319684982299805
0.6166999936103821,0.6137392520904541
0.4027999937534332,0.2994961142539978
1.8681000471115112,1.9546167850494385
1.5815999507904053,1.5805857181549072
1.6389000415802002,1.573003888130188
0.9319000244140625,0.9299226999282837
1.4326000213623047,1.4179481267929077
0.3465000092983246,0.2994961142539978
1.4326000213623047,1.3828563690185547
1.4326000213623047,1.4368985891342163
0.7968000173568726,0.801239013671875
2.074399948120117,2.2445056438446045
2.1201999187469482,2.1201717853546143
1.0219999551773071,1.0089235305786133
0.886900007724762,0.8653340935707092
1.8107999563217163,1.7564090490341187
1.4326000213623047,1.4195746183395386
1.134600043296814,1.1324902772903442
1.5242999792099,1.487898826599121
1.0444999933242798,1.0399425029754639
1.2720999717712402,1.2172653675079346
1.6274000406265259,1.6001026630401611
2.1431000232696533,2.241152763366699
1.0333000421524048,1.0225481986999512
1.9483000040054321,2.007110834121704
1.134600043296814,1.1180996894836426
1.2835999727249146,1.262669324874878
2.0171000957489014,2.037292003631592
1.4326000213623047,1.4622130393981934
0.2563999891281128,0.2994961142539978
2.154599905014038,2.116987705230713
0.8644000291824341,0.8812565803527832
1.9483000040054321,1.9772353172302246
1.6045000553131104,1.6006468534469604
0.48159998655319214,0.5010783076286316
0.23389999568462372,0.30371761322021484
1.5356999635696411,1.5502614974975586
1.6962000131607056,1.686333417892456
1.0895999670028687,1.0620214939117432
0.45910000801086426,0.5054821968078613
2.131700038909912,2.1001479625701904
2.2004001140594482,2.1496329307556152
0.9431999921798706,0.9326390027999878
0.605400025844574,0.6279786229133606
0.2451999932527542,0.30371761322021484
1.8221999406814575,1.7981536388397217
1.2835999727249146,1.257436752319336
0.3240000009536743,0.2994961142539978
1.260699987411499,1.254662036895752
1.4555000066757202,1.4103881120681763
1.2148000001907349,1.2083637714385986
0.38029998540878296,0.30371761322021484
2.211899995803833,2.275852680206299
1.8221999406814575,1.8350067138671875
1.1008000373840332,1.0769370794296265
1.010699987411499,1.0000560283660889
0.9319000244140625,0.9098904728889465
0.2563999891281128,0.30371761322021484
0.9769999980926514,0.961983323097229
1.2263000011444092,1.2099931240081787
1.363800048828125,1.3365998268127441
0.9656999707221985,0.9594934582710266
0.6729999780654907,0.6718733310699463
1.9483000040054321,1.9434432983398438
1.260699987411499,1.2632850408554077
0.9207000136375427,0.9199308753013611
0.4027999937534332,0.4173809885978699
1.4668999910354614,1.469266414642334
0.6166999936103821,0.6362506747245789
0.8531000018119812,0.8590508699417114
0.9994999766349792,1.0033680200576782
0.39149999618530273,0.40440595149993896
1.2263000011444092,1.206024408340454
1.010699987411499,1.025490641593933
1.753499984741211,1.7010756731033325
1.1919000148773193,1.1689435243606567
0.21140000224113464,0.30371761322021484
1.6847000122070312,1.704555869102478
0.2563999891281128,0.30371761322021484
0.5828999876976013,0.6067785024642944
1.3179999589920044,1.2822972536087036
1.4783999919891357,1.4888228178024292
0.44780001044273376,0.34743332862854004
1.4555000066757202,1.3923380374908447
0.6955000162124634,0.7312902212142944
1.6274000406265259,1.6365665197372437
1.7304999828338623,1.7365068197250366
2.0055999755859375,2.0842533111572266
2.074399948120117,2.117290735244751
0.48159998655319214,0.48895102739334106
1.4211000204086304,1.373445987701416
0.5378999710083008,0.5319355726242065
1.593000054359436,1.589992880821228
0.63919997215271,0.6276986002922058
2.154599905014038,2.1836650371551514
2.246299982070923,2.287655830383301
1.570099949836731,1.5786994695663452
1.134600043296814,1.112994909286499
1.6045000553131104,1.5960217714309692
1.5356999635696411,1.554567813873291
1.0333000421524048,1.0311967134475708
2.0171000957489014,1.986121416091919
0.30149999260902405,0.2994961142539978
0.6729999780654907,0.6793376207351685
2.0857999324798584,2.1366798877716064
1.6159000396728516,1.601930022239685
0.39149999618530273,0.4608241319656372
1.055799961090088,1.0342715978622437
2.211899995803833,2.286715269088745
1.34089994430542,1.3384448289871216
1.902400016784668,1.8833481073379517
1.9368000030517578,1.9472204446792603
1.9254000186920166,1.9703047275543213
0.2451999932527542,0.30371761322021484
1.8336999416351318,1.7873367071151733
1.260699987411499,1.2446537017822266
0.8194000124931335,0.8069810271263123
2.177500009536743,2.1868064403533936
2.1431000232696533,2.111344337463379
0.8080999851226807,0.8049671053886414
1.719099998474121,1.6925334930419922
0.7067999839782715,0.7040748000144958
2.234800100326538,2.238694667816162
0.7631000280380249,0.7422376275062561
0.9882000088691711,0.9973082542419434
0.38029998540878296,0.30371761322021484
0.8755999803543091,0.8763076663017273
1.6618000268936157,1.6597061157226562
2.2004001140594482,2.154416084289551
1.010699987411499,0.9911982417106628
1.9940999746322632,1.9680731296539307
1.3753000497817993,1.3681365251541138
0.30149999260902405,0.2994961142539978
0.5153999924659729,0.5313369631767273
0.7631000280380249,0.7735580801963806
1.753499984741211,1.7718970775604248
1.673200011253357,1.675824761390686
0.21140000224113464,0.2994961142539978
1.444000005722046,1.4390755891799927
2.0285000801086426,2.0108048915863037
0.22269999980926514,0.2994961142539978
1.5012999773025513,1.5224745273590088
1.4783999919891357,1.4838714599609375
1.30649995803833,1.2533648014068604
1.0782999992370605,1.0739816427230835
2.1087000370025635,2.1733522415161133
0.7742999792098999,0.7921044230461121
0.29019999504089355,0.2994961142539978
0.2563999891281128,0.2994961142539978
0.8644000291824341,0.8602137565612793
1.1232999563217163,1.108214259147644
1.5242999792099,1.5260281562805176
2.1431000232696533,2.1511757373809814
0.3352000117301941,0.30371761322021484
0.21140000224113464,0.30371761322021484
1.2949999570846558,1.2783002853393555
1.2148000001907349,1.2356923818588257
1.409600019454956,1.4571533203125
1.1690000295639038,1.137281894683838
1.3982000350952148,1.393080472946167
1.363800048828125,1.319033145904541
0.9545000195503235,0.9546744227409363
0.3352000117301941,0.2994961142539978
1.856600046157837,1.9208513498306274
1.7763999700546265,1.7927769422531128
1.010699987411499,0.9919432997703552
0.886900007724762,0.8700985908508301
1.5356999635696411,1.5527619123458862
1.3179999589920044,1.3210195302963257
1.5356999635696411,1.5677233934402466
0.8531000018119812,0.8204153180122375
1.6045000553131104,1.5989408493041992
1.753499984741211,1.8101352453231812
1.5356999635696411,1.474437952041626
1.9254000186920166,1.9355157613754272
1.2376999855041504,1.2187116146087646
1.2376999855041504,1.2153606414794922
2.0171000957489014,2.01334810256958
1.9598000049591064,2.070256471633911
2.223299980163574,2.2555720806121826
0.9319000244140625,0.9265167713165283
0.8418999910354614,0.8413244485855103
1.180400013923645,1.144493818283081
1.1690000295639038,1.1536341905593872
1.2720999717712402,1.2675787210464478
1.1919000148773193,1.1795361042022705
1.9711999893188477,1.903608798980713
0.5491999983787537,0.584466814994812
0.21140000224113464,0.30371761322021484
1.3753000497817993,1.3545349836349487
1.9711999893188477,2.046360492706299
1.8451000452041626,1.8939664363861084
0.23389999568462372,0.2994961142539978
0.628000020980835,0.6411657929420471
0.45910000801086426,0.4043678641319275
2.0055999755859375,1.9667763710021973
1.9711999893188477,2.0417520999908447
0.7856000065803528,0.7613104581832886
0.8755999803543091,0.8765156269073486
1.5356999635696411,1.4750508069992065
1.6503000259399414,1.6191023588180542
2.188999891281128,2.1375999450683594
1.7419999837875366,1.7549307346343994
1.4211000204086304,1.3955448865890503
0.9207000136375427,0.9138655662536621
0.9093999862670898,0.9027791023254395
1.134600043296814,1.1198475360870361
0.9431999921798706,0.9206613302230835
1.5127999782562256,1.5144599676132202
0.5491999983787537,0.5116236805915833
1.719099998474121,1.746496558189392
1.5127999782562256,1.4857522249221802
1.6847000122070312,1.6781893968582153
0.7293000221252441,0.7303889989852905
1.9368000030517578,2.0286810398101807
0.38029998540878296,0.30371761322021484
2.2004001140594482,2.2362613677978516
1.5471999645233154,1.5551937818527222
1.1121000051498413,1.093745231628418
0.48159998655319214,0.49473679065704346
2.246299982070923,2.217275857925415
1.7304999828338623,1.7261382341384888
0.44780001044273376,0.4219256639480591
2.246299982070923,2.235090970993042
1.2148000001907349,1.2147815227508545
0.5378999710083008,0.5054922103881836
0.9769999980926514,0.9649842381477356
0.6504999995231628,0.6384627819061279
0.29019999504089355,0.30371761322021484
0.27889999747276306,0.2994961142539978
0.9319000244140625,0.9016578197479248
0.27889999747276306,0.2994961142539978
1.5242999792099,1.520067811012268
0.63919997215271,0.6586343050003052
1.8451000452041626,1.8553005456924438
0.7067999839782715,0.6819405555725098
0.5378999710083008,0.5097201466560364
0.6955000162124634,0.6861696243286133
1.3753000497817993,1.3713592290878296
0.48159998655319214,0.4782707095146179
1.1690000295639038,1.1477173566818237
0.7742999792098999,0.7901955842971802
0.8194000124931335,0.8103559017181396
2.246299982070923,2.2430925369262695
1.5242999792099,1.5240370035171509
1.7304999828338623,1.7753640413284302
2.0857999324798584,2.0784640312194824
1.9368000030517578,1.951619029045105
1.8795000314712524,1.9243286848068237
2.0055999755859375,2.0291335582733154
0.628000020980835,0.6208473443984985
0.8306000232696533,0.8387383222579956
0.5716999769210815,0.5666350722312927
1.3867000341415405,1.400331974029541
0.5378999710083008,0.5006793737411499
1.0219999551773071,1.0149046182632446
0.8531000018119812,0.844032347202301
1.30649995803833,1.2578085660934448
0.36899998784065247,0.30371761322021484
0.22269999980926514,0.30371761322021484
0.8418999910354614,0.8467507362365723
1.9940999746322632,1.9591145515441895
1.2034000158309937,1.1888391971588135
1.2376999855041504,1.2060304880142212
2.0055999755859375,2.0592739582061768
1.5012999773025513,1.4768078327178955
1.8221999406814575,1.776867389678955
0.27889999747276306,0.30371761322021484
1.2034000158309937,1.1691951751708984
1.1690000295639038,1.171128511428833
2.0973000526428223,2.206549882888794
1.2376999855041504,1.2087409496307373
0.30149999260902405,0.2994961142539978
2.246299982070923,2.292069911956787
1.673200011253357,1.5984793901443481
1.134600043296814,1.1328887939453125
0.492900013923645,0.4943044185638428
0.7293000221252441,0.737277626991272
1.6274000406265259,1.6270455121994019
1.5815999507904053,1.5308810472488403
1.2034000158309937,1.1903421878814697
0.6729999780654907,0.7113706469535828
1.0782999992370605,1.063612937927246
1.4668999910354614,1.4827762842178345
0.7856000065803528,0.7788809537887573
1.5356999635696411,1.5089468955993652
0.30149999260902405,0.30371761322021484
2.177500009536743,2.1842896938323975
1.4555000066757202,1.41431725025177
2.269200086593628,2.2879645824432373
1.1575000286102295,1.1367589235305786
1.0444999933242798,1.0248082876205444
1.719099998474121,1.7962617874145508
2.246299982070923,2.176367998123169
0.3240000009536743,0.30371761322021484
1.2835999727249146,1.2753734588623047
2.0973000526428223,2.0299947261810303
1.5471999645233154,1.5508078336715698
2.234800100326538,2.191070556640625
2.131700038909912,2.1491692066192627
1.6389000415802002,1.6395946741104126
0.492900013923645,0.4043269753456116
0.6729999780654907,0.6912258863449097
0.8418999910354614,0.8300134539604187
0.9994999766349792,0.9964224100112915
0.23389999568462372,0.2994961142539978
1.180400013923645,1.1645896434783936
1.30649995803833,1.2684372663497925
1.7075999975204468,1.645156741142273
1.5242999792099,1.5096186399459839
1.3982000350952148,1.4297871589660645
0.3352000117301941,0.2994961142539978
2.074399948120117,2.1101293563842773
2.188999891281128,2.2233123779296875
2.131700038909912,2.1056015491485596
1.9483000040054321,1.9587903022766113
1.5127999782562256,1.484602928161621
1.8221999406814575,1.8237743377685547
2.0171000957489014,1.9923957586288452
0.3578000068664551,0.2994961142539978
2.223299980163574,2.1290385723114014
1.2949999570846558,1.2688037157058716
0.6166999936103821,0.6187930703163147
0.5378999710083008,0.5455244779586792
1.9483000040054321,2.0048344135284424
0.39149999618530273,0.2994961142539978
1.3293999433517456,1.312547206878662
0.7742999792098999,0.7587326765060425
1.902400016784668,1.9131075143814087
1.8795000314712524,1.8627597093582153
1.6503000259399414,1.6385953426361084
1.1121000051498413,1.0884177684783936
2.0399999618530273,2.0278055667877197
1.0782999992370605,1.059297800064087
0.21140000224113464,0.2994961142539978
0.9656999707221985,0.9531466960906982
1.409600019454956,1.3786015510559082
1.6847000122070312,1.7039140462875366
1.7304999828338623,1.730317234992981
0.7404999732971191,0.6955001950263977
0.7067999839782715,0.6854181885719299
0.44780001044273376,0.4646604657173157
2.246299982070923,2.251420736312866
0.2676999866962433,0.30371761322021484
0.9994999766349792,0.9850921630859375
1.5815999507904053,1.5535768270492554
2.0171000957489014,2.11403489112854
0.30149999260902405,0.30371761322021484
0.6955000162124634,0.6981945633888245
0.9207000136375427,0.9108631014823914
1.134600043296814,1.1216367483139038
0.8755999803543091,0.8667995929718018
1.6045000553131104,1.6100149154663086
1.2148000001907349,1.2159571647644043
2.257699966430664,2.2996490001678467
0.8644000291824341,0.8551057577133179
1.1121000051498413,1.0771492719650269
1.8681000471115112,1.8646966218948364
1.7419999837875366,1.7810609340667725
0.6166999936103821,0.6312013864517212
1.5471999645233154,1.5651452541351318
0.3127000033855438,0.2994961142539978
0.9431999921798706,0.942272424697876
1.9940999746322632,2.0794944763183594
0.5153999924659729,0.5350521206855774
1.8221999406814575,1.814077615737915
1.134600043296814,1.121781826019287
1.6962000131607056,1.6945083141326904
1.6159000396728516,1.6228132247924805
1.134600043296814,1.1306638717651367
0.8531000018119812,0.8459258675575256
0.6729999780654907,0.6654552221298218
1.673200011253357,1.7253848314285278
1.180400013923645,1.1609464883804321
0.45910000801086426,0.4106333255767822
0.3240000009536743,0.30371761322021484
0.9994999766349792,0.9896414279937744
0.9545000195503235,0.9435495138168335
1.6159000396728516,1.5915604829788208
0.38029998540878296,0.30371761322021484
1.3867000341415405,1.3733128309249878
0.3352000117301941,0.30371761322021484
2.0171000957489014,2.019664764404297
1.5356999635696411,1.533281683921814
2.1201999187469482,2.1825647354125977
0.30149999260902405,0.30371761322021484
1.444000005722046,1.50859797000885
0.3352000117301941,0.4038490653038025
0.3578000068664551,0.30371761322021484
1.0670000314712524,1.051823377609253
0.9207000136375427,0.8928512334823608
0.8194000124931335,0.8133442997932434
0.29019999504089355,0.2994961142539978
1.6389000415802002,1.6663119792938232
1.8795000314712524,1.8217393159866333
1.010699987411499,1.0281236171722412
1.3179999589920044,1.293923258781433
0.9545000195503235,0.962798535823822
1.8910000324249268,1.9777032136917114
1.1232999563217163,1.1272376775741577
0.8306000232696533,0.8154202103614807
1.2376999855041504,1.2209216356277466
1.010699987411499,0.9668041467666626
0.8194000124931335,0.8143261671066284
1.6618000268936157,1.6648467779159546
1.7419999837875366,1.7007356882095337
0.8644000291824341,0.8774452805519104
0.5041000247001648,0.49138063192367554
0.9994999766349792,0.9803241491317749
0.5716999769210815,0.5678720474243164
0.8418999910354614,0.8533329367637634
1.5127999782562256,1.5357260704040527
0.8755999803543091,0.8885339498519897
0.39149999618530273,0.42266106605529785
1.4668999910354614,1.4417253732681274
0.605400025844574,0.5988118648529053
1.1232999563217163,1.1254408359527588
1.7419999837875366,1.737520694732666
0.3240000009536743,0.30371761322021484
0.9093999862670898,0.8949635624885559
0.7968000173568726,0.7962582111358643
0.2676999866962433,0.30371761322021484
1.0444999933242798,1.0218218564987183
1.5242999792099,1.5063263177871704
2.223299980163574,2.2033960819244385
1.30649995803833,1.328387975692749
1.3179999589920044,1.2755069732666016
1.30649995803833,1.3084162473678589
1.7304999828338623,1.7568124532699585
1.9711999893188477,1.9728800058364868
1.6503000259399414,1.6701604127883911
0.8981999754905701,0.8942164778709412
1.6962000131607056,1.6882245540618896
1.902400016784668,1.9105737209320068
1.1919000148773193,1.168291449546814
1.6045000553131104,1.5855387449264526
0.5942000150680542,0.6014725565910339
0.6504999995231628,0.6395676136016846
1.1121000051498413,1.0908199548721313
1.5127999782562256,1.5394315719604492
1.6618000268936157,1.6638767719268799
2.223299980163574,2.2022287845611572
1.6618000268936157,1.710240125656128
2.246299982070923,2.284909248352051
1.1919000148773193,1.1761572360992432
0.21140000224113464,0.2994961142539978
1.8107999563217163,1.742449164390564
1.1008000373840332,1.108272671699524
2.1659998893737793,2.1654608249664307
1.409600019454956,1.40132737159729
0.3578000068664551,0.2994961142539978
0.44780001044273376,0.4527251720428467
1.1008000373840332,1.1000093221664429
1.1461000442504883,1.1232385635375977
2.154599905014038,2.163935422897339
0.3352000117301941,0.30371761322021484
0.605400025844574,0.5871450901031494
0.4253000020980835,0.4453897476196289
0.8981999754905701,0.8720058798789978
0.22269999980926514,0.30371761322021484
1.9254000186920166,1.8337512016296387
1.363800048828125,1.3785557746887207
1.4555000066757202,1.4386357069015503
0.27889999747276306,0.2994961142539978
1.8795000314712524,1.9682035446166992
1.2949999570846558,1.2851344347000122
0.5266000032424927,0.5440973043441772
1.719099998474121,1.7267400026321411
0.886900007724762,0.881310224533081
1.2376999855041504,1.2525670528411865
2.0285000801086426,2.1541738510131836
1.8795000314712524,1.9347251653671265
0.9769999980926514,0.9521004557609558
0.5041000247001648,0.5270760655403137
0.9207000136375427,0.9263435006141663
1.719099998474121,1.7943809032440186
1.8336999416351318,1.8366912603378296
0.5491999983787537,0.5126935839653015
2.131700038909912,2.177422046661377
0.38029998540878296,0.2994961142539978
0.2563999891281128,0.2994961142539978
1.799299955368042,1.8126503229141235
0.8981999754905701,0.9000434875488281
1.5242999792099,1.514771580696106
0.7179999947547913,0.6833715438842773
1.409600019454956,1.4228386878967285
1.6159000396728516,1.6067512035369873
1.0670000314712524,1.056576132774353
1.6962000131607056,1.716404676437378
0.6504999995231628,0.6094128489494324
1.2263000011444092,1.231921911239624
0.7856000065803528,0.7856938242912292
1.6847000122070312,1.7157926559448242
1.363800048828125,1.3486452102661133
0.20010000467300415,0.2994961142539978
1.2835999727249146,1.2802913188934326
1.0219999551773071,1.0252686738967896
0.5828999876976013,0.5954126119613647
0.36899998784065247,0.30371761322021484
0.3127000033855438,0.37939465045928955
0.9769999980926514,0.9403072595596313
1.8681000471115112,1.8259608745574951
2.1659998893737793,2.1412575244903564
2.257699966430664,2.298060178756714
2.177500009536743,2.146578550338745
1.9254000186920166,1.9233814477920532
0.5153999924659729,0.47156214714050293
0.6955000162124634,0.7084685564041138
1.9139000177383423,1.9238051176071167
1.010699987411499,1.0068165063858032
0.21140000224113464,0.2994961142539978
1.9711999893188477,2.0216121673583984
0.7856000065803528,0.7998354434967041
0.47029998898506165,0.4852455258369446
2.0285000801086426,2.062077522277832
1.30649995803833,1.2802764177322388
0.21140000224113464,0.30371761322021484
2.246299982070923,2.2370834350585938
1.5012999773025513,1.5060230493545532
1.2376999855041504,1.2567687034606934
2.1659998893737793,2.265946388244629
1.0895999670028687,1.0832276344299316
1.2720999717712402,1.2483258247375488
1.260699987411499,1.2632083892822266
1.9940999746322632,2.02516770362854
0.414000004529953,0.3904954195022583
1.2491999864578247,1.2402645349502563
1.982699990272522,1.9259634017944336
1.719099998474121,1.6730419397354126
1.2949999570846558,1.2615385055541992
1.260699987411499,1.2456023693084717
2.234800100326538,2.251460313796997
0.9882000088691711,0.9942429661750793
1.719099998474121,1.737929344177246
0.436599999666214,0.41500329971313477
0.628000020980835,0.6366696953773499
1.4668999910354614,1.4405235052108765
1.2376999855041504,1.222275972366333
1.2720999717712402,1.2951393127441406
0.3240000009536743,0.36950963735580444
0.7742999792098999,0.7474983930587769
1.856600046157837,1.9115910530090332
1.570099949836731,1.619240403175354
0.48159998655319214,0.48516809940338135
2.211899995803833,2.1692864894866943
1.3523000478744507,1.333930492401123
1.673200011253357,1.6678520441055298
1.2376999855041504,1.2312700748443604
2.188999891281128,2.2414040565490723
1.1008000373840332,1.1010898351669312
1.2949999570846558,1.3011360168457031
0.63919997215271,0.6520887017250061
0.7856000065803528,0.7840476036071777
1.3867000341415405,1.3738106489181519
0.45910000801086426,0.4783719778060913
0.605400025844574,0.594161868095398
1.3523000478744507,1.3319313526153564
1.1232999563217163,1.1157633066177368
0.9431999921798706,0.9105610251426697
1.5815999507904053,1.5750064849853516
1.5585999488830566,1.545270562171936
1.3293999433517456,1.3364564180374146
1.34089994430542,1.3379648923873901
0.3240000009536743,0.4190741181373596
1.2835999727249146,1.286245346069336
1.4668999910354614,1.4358962774276733
1.6274000406265259,1.6982258558273315
0.5942000150680542,0.5774926543235779
1.134600043296814,1.1226348876953125
1.719099998474121,1.7289791107177734
1.4211000204086304,1.4012638330459595
1.1121000051498413,1.0973323583602905
1.8910000324249268,1.8083388805389404
1.2148000001907349,1.201971173286438
0.436599999666214,0.47110462188720703
1.0444999933242798,1.0157601833343506
0.36899998784065247,0.4030888080596924
0.9882000088691711,0.9519250988960266
1.9254000186920166,1.9379136562347412
2.0513999462127686,2.048820972442627
0.7067999839782715,0.7032411098480225
1.799299955368042,1.761576771736145
1.0895999670028687,1.0720704793930054
0.45910000801086426,0.2994961142539978
0.8418999910354614,0.8338159322738647
0.22269999980926514,0.2994961142539978
1.363800048828125,1.3546500205993652
0.5041000247001648,0.4778117537498474
1.2720999717712402,1.2346742153167725
1.2034000158309937,1.2008062601089478
2.0171000957489014,2.092982292175293
1.799299955368042,1.88723623752594
1.7075999975204468,1.7667062282562256
0.8306000232696533,0.8200070858001709
0.63919997215271,0.6283435225486755
2.0973000526428223,2.1781132221221924
0.3127000033855438,0.2994961142539978
1.6045000553131104,1.5768219232559204
2.1431000232696533,2.2129063606262207
0.21140000224113464,0.30371761322021484
2.269200086593628,2.241366147994995
0.30149999260902405,0.30371761322021484
1.0895999670028687,1.0691912174224854
0.2563999891281128,0.2994961142539978
2.269200086593628,2.290438413619995
1.4211000204086304,1.4116772413253784
1.673200011253357,1.672735333442688
1.8795000314712524,1.9039736986160278
0.5266000032424927,0.5306989550590515
0.6955000162124634,0.7435327172279358
1.9711999893188477,1.9855983257293701
1.5471999645233154,1.5830700397491455
1.409600019454956,1.386869192123413
1.1232999563217163,1.1066625118255615
0.2676999866962433,0.30371761322021484
2.257699966430664,2.2940335273742676
1.5127999782562256,1.4898802042007446
1.570099949836731,1.5339257717132568
1.3179999589920044,1.2949265241622925
1.30649995803833,1.2891476154327393
1.134600043296814,1.1253697872161865
0.8080999851226807,0.7958014607429504
1.2835999727249146,1.2581056356430054
2.0973000526428223,2.112710475921631
1.719099998474121,1.7041478157043457
1.3293999433517456,1.2886016368865967
1.0444999933242798,1.0417211055755615
1.9368000030517578,1.986717700958252
2.211899995803833,2.3000075817108154
0.605400025844574,0.6326597929000854
1.444000005722046,1.466417670249939
2.0055999755859375,2.034000873565674
0.20010000467300415,0.30371761322021484
0.8644000291824341,0.8741907477378845
0.7404999732971191,0.7420828342437744
1.3523000478744507,1.3243955373764038
1.8336999416351318,1.8240586519241333
1.3867000341415405,1.3636943101882935
1.34089994430542,1.3455522060394287
1.799299955368042,1.7916091680526733
0.9431999921798706,0.9549258351325989
1.6503000259399414,1.6360443830490112
1.593000054359436,1.575007677078247
1.9368000030517578,1.9803513288497925
2.177500009536743,2.1945950984954834
1.1919000148773193,1.1884517669677734
0.7179999947547913,0.7088552117347717
1.719099998474121,1.73387610912323
2.0973000526428223,2.0658700466156006
1.010699987411499,0.9978356957435608
1.5815999507904053,1.550164818763733
0.751800000667572,0.7288459539413452
1.8795000314712524,1.8954962491989136
1.6389000415802002,1.625445008277893
2.211899995803833,2.196018934249878
0.9656999707221985,0.9475058317184448
0.29019999504089355,0.2994961142539978
1.1461000442504883,1.1290885210037231
0.30149999260902405,0.30371761322021484
0.605400025844574,0.6307476162910461
1.3753000497817993,1.400315284729004
0.5491999983787537,0.5275000929832458
2.154599905014038,2.1565754413604736
1.4668999910354614,1.5240329504013062
1.363800048828125,1.3243788480758667
0.7968000173568726,0.809284508228302
1.2720999717712402,1.284967303276062
1.5815999507904053,1.5518723726272583
1.8681000471115112,1.8977888822555542
1.593000054359436,1.6548718214035034
0.436599999666214,0.4508616328239441
0.6729999780654907,0.6538062691688538
0.3578000068664551,0.2994961142539978
0.6504999995231628,0.6377116441726685
0.9882000088691711,0.9584532976150513
0.3240000009536743,0.2994961142539978
1.6618000268936157,1.638067603111267
2.2004001140594482,2.2279932498931885
1.2263000011444092,1.208938717842102
2.0171000957489014,2.0402021408081055
1.0333000421524048,1.0332919359207153
1.6159000396728516,1.6355191469192505
0.7742999792098999,0.7468993663787842
0.45910000801086426,0.47006291151046753
0.4253000020980835,0.4545086622238159
1.5471999645233154,1.5612932443618774
0.3127000033855438,0.30371761322021484
2.246299982070923,2.2105977535247803
1.6045000553131104,1.632244348526001
1.6618000268936157,1.6137707233428955
1.3867000341415405,1.3468035459518433
2.2004001140594482,2.2487289905548096
0.45910000801086426,0.5043705105781555
1.8336999416351318,1.934536337852478
1.409600019454956,1.3854851722717285
1.1690000295639038,1.1689279079437256
0.9994999766349792,0.9991780519485474
2.177500009536743,2.257253646850586
1.6618000268936157,1.6683117151260376
0.21140000224113464,0.30371761322021484
0.4027999937534332,0.45441293716430664
1.799299955368042,1.837317943572998
0.5828999876976013,0.5933520793914795
1.4783999919891357,1.4938360452651978
0.9545000195503235,0.9508083462715149
0.7404999732971191,0.7600488662719727
1.3753000497817993,1.3465861082077026
0.7968000173568726,0.815294623374939
0.628000020980835,0.6077045202255249
0.2563999891281128,0.2994961142539978
0.492900013923645,0.4662824869155884
1.6618000268936157,1.7099264860153198
1.719099998474121,1.7380640506744385
1.0333000421524048,1.0353502035140991
0.8080999851226807,0.8012046217918396
2.0171000957489014,1.9504469633102417
1.3753000497817993,1.345542073249817
0.492900013923645,0.4764283299446106
0.8306000232696533,0.8298896551132202
1.2720999717712402,1.2685502767562866
1.719099998474121,1.7173975706100464
1.260699987411499,1.2576454877853394
1.5815999507904053,1.5903483629226685
1.055799961090088,1.045630931854248
1.719099998474121,1.7459784746170044
1.5127999782562256,1.5084809064865112
1.363800048828125,1.3506709337234497
1.7763999700546265,1.7529208660125732
0.751800000667572,0.7553969621658325
1.2720999717712402,1.2541135549545288
1.982699990272522,2.106926441192627
2.0055999755859375,2.043062210083008
0.5491999983787537,0.5582615733146667
1.3867000341415405,1.3607203960418701
1.6159000396728516,1.5361886024475098
0.9882000088691711,0.9864218831062317
0.3465000092983246,0.4230329990386963
0.47029998898506165,0.5015861988067627
0.886900007724762,0.894169807434082
2.0973000526428223,2.0962319374084473
1.5815999507904053,1.5503982305526733
1.8910000324249268,1.8678743839263916
0.3240000009536743,0.38709086179733276
2.223299980163574,2.252319812774658
1.3867000341415405,1.408982515335083
0.2451999932527542,0.2994961142539978
0.9093999862670898,0.8915640711784363
0.7742999792098999,0.7775040864944458
1.6045000553131104,1.615293264389038
0.20010000467300415,0.30371761322021484
1.8107999563217163,1.8084810972213745
1.9139000177383423,1.880355715751648
2.154599905014038,2.184286594390869
1.1575000286102295,1.1327568292617798
1.8336999416351318,1.849038004875183
0.9769999980926514,0.9507850408554077
0.5828999876976013,0.5995205044746399
0.9656999707221985,0.9772730469703674
1.7304999828338623,1.6516547203063965
1.3293999433517456,1.3224892616271973
0.29019999504089355,0.30371761322021484
1.7877999544143677,1.8167552947998047
1.3523000478744507,1.3556462526321411
2.188999891281128,2.202436923980713
1.2720999717712402,1.2519553899765015
0.6729999780654907,0.6810458302497864
0.47029998898506165,0.468384325504303
1.3753000497817993,1.325635552406311
0.5491999983787537,0.5688087940216064
1.260699987411499,1.2320175170898438
0.886900007724762,0.8871704936027527
0.2563999891281128,0.2994961142539978
0.39149999618530273,0.43211138248443604
2.177500009536743,2.2453722953796387
0.6166999936103821,0.6174480319023132
1.8795000314712524,1.9379366636276245
0.5378999710083008,0.4830784797668457
0.7404999732971191,0.7213631868362427
0.20010000467300415,0.2994961142539978
0.6955000162124634,0.6885164976119995
1.9711999893188477,2.024879217147827
0.38029998540878296,0.3541232943534851
1.0670000314712524,1.066508173942566
1.6274000406265259,1.6074581146240234
1.30649995803833,1.3015285730361938
0.7179999947547913,0.7339180707931519
0.8080999851226807,0.7958642840385437
1.0219999551773071,1.017918586730957
0.27889999747276306,0.2994961142539978
0.436599999666214,0.4985870122909546
0.7856000065803528,0.7933169603347778
0.9319000244140625,0.9370821714401245
1.719099998474121,1.8126038312911987
0.2676999866962433,0.30371761322021484
0.8194000124931335,0.8059080839157104
1.6159000396728516,1.6697880029678345
2.177500009536743,2.145855665206909
2.188999891281128,2.279609203338623
0.38029998540878296,0.2994961142539978
2.1431000232696533,2.1143383979797363
0.30149999260902405,0.30371761322021484
2.0171000957489014,2.068086862564087
0.2451999932527542,0.2994961142539978
0.9319000244140625,0.9049166440963745
0.751800000667572,0.7620823979377747
0.6504999995231628,0.6507065892219543
1.570099949836731,1.5905030965805054
0.3240000009536743,0.30371761322021484
0.886900007724762,0.8729574680328369
2.074399948120117,2.0882840156555176
0.886900007724762,0.8610845804214478
1.5356999635696411,1.5186941623687744
2.2004001140594482,2.223918914794922
2.234800100326538,2.203315258026123
1.444000005722046,1.4506964683532715
1.2491999864578247,1.239534854888916
2.211899995803833,2.171018362045288
0.436599999666214,0.42988061904907227
1.6503000259399414,1.6150691509246826
0.7968000173568726,0.772624671459198
0.751800000667572,0.7267513871192932
0.9882000088691711,0.9806509017944336
1.2491999864578247,1.2264037132263184
1.6847000122070312,1.6543546915054321
2.074399948120117,2.1801719665527344
0.436599999666214,0.42143046855926514
0.3465000092983246,0.30371761322021484
1.9483000040054321,1.9280282258987427
1.7763999700546265,1.7798967361450195
2.0629000663757324,2.043470859527588
1.593000054359436,1.5993424654006958
0.9207000136375427,0.9103598594665527
1.3523000478744507,1.3520145416259766
0.4027999937534332,0.458984375
1.4555000066757202,1.4236202239990234
0.9994999766349792,0.9763975143432617
1.34089994430542,1.3496371507644653
0.492900013923645,0.4579921364784241
0.9431999921798706,0.9400941133499146
1.30649995803833,1.265313744544983
2.223299980163574,2.2297394275665283
1.0895999670028687,1.0542503595352173
0.3578000068664551,0.2994961142539978
1.7763999700546265,1.8116884231567383
0.20010000467300415,0.30371761322021484
1.8221999406814575,1.8322986364364624
1.2491999864578247,1.2353408336639404
1.1232999563217163,1.1163036823272705
1.673200011253357,1.6385271549224854
1.719099998474121,1.7185457944869995
0.436599999666214,0.4638177156448364
0.436599999666214,0.44291621446609497
1.5585999488830566,1.5634032487869263
0.23389999568462372,0.2994961142539978
1.4555000066757202,1.4663435220718384
0.47029998898506165,0.4599573612213135
2.188999891281128,2.202376365661621
2.0973000526428223,2.2009506225585938
1.6045000553131104,1.5421308279037476
2.2004001140594482,2.2472736835479736
0.5491999983787537,0.5671024322509766
0.8194000124931335,0.8140789270401001
0.9545000195503235,0.9396889209747314
0.8080999851226807,0.789178192615509
1.7419999837875366,1.7545089721679688
1.7877999544143677,1.7892791032791138
0.6166999936103821,0.6411069631576538
0.9994999766349792,0.9956434965133667
1.3523000478744507,1.3154951333999634
1.753499984741211,1.7317841053009033
1.3753000497817993,1.359575867652893
1.6274000406265259,1.690750241279602
1.2491999864578247,1.2436376810073853
1.902400016784668,1.9754379987716675
0.9207000136375427,0.9027013182640076
1.2376999855041504,1.2238751649856567
0.27889999747276306,0.30371761322021484
0.6617000102996826,0.656065821647644
1.6045000553131104,1.604932427406311
0.4027999937534332,0.4747660756111145
2.1087000370025635,2.1517488956451416
0.5828999876976013,0.6073911786079407
1.0782999992370605,1.0614300966262817
2.131700038909912,2.2388529777526855
1.902400016784668,1.9104208946228027
0.39149999618530273,0.2994961142539978
2.0171000957489014,2.107508659362793
1.8107999563217163,1.8363659381866455
2.1659998893737793,2.199068069458008
1.673200011253357,1.6974146366119385
0.36899998784065247,0.39393073320388794
1.8221999406814575,1.7631430625915527
1.9368000030517578,2.0347235202789307
2.1431000232696533,2.2334606647491455
2.223299980163574,2.1909804344177246
0.5378999710083008,0.5077981352806091
0.7067999839782715,0.6791649460792542
1.4555000066757202,1.4152730703353882
1.9483000040054321,2.048361301422119
0.8644000291824341,0.8684523105621338
1.9368000030517578,2.00246524810791
0.5716999769210815,0.5530985593795776
0.9882000088691711,0.9708622694015503
0.9093999862670898,0.9209253787994385
2.0857999324798584,2.020143985748291
1.2148000001907349,1.218095064163208
1.9711999893188477,1.9997146129608154
2.223299980163574,2.2880470752716064
0.23389999568462372,0.2994961142539978
2.1659998893737793,2.0752460956573486
1.593000054359436,1.5170248746871948
1.7075999975204468,1.7493163347244263
0.2676999866962433,0.2994961142539978
1.1461000442504883,1.1299426555633545
1.4668999910354614,1.4940218925476074
1.0782999992370605,1.0611003637313843
2.223299980163574,2.2236878871917725
0.7968000173568726,0.797548770904541
1.4668999910354614,1.476662039756775
1.8451000452041626,1.8578721284866333
1.180400013923645,1.1549816131591797
2.1201999187469482,2.1713314056396484
0.605400025844574,0.6083961129188538
1.0333000421524048,1.009140968322754
0.6504999995231628,0.6443182229995728
1.3867000341415405,1.3863457441329956
2.188999891281128,2.2023158073425293
1.48989999294281,1.526179313659668
0.8080999851226807,0.8135437369346619
2.234800100326538,2.262497663497925
0.8194000124931335,0.8161889910697937
1.4783999919891357,1.4550553560256958
1.8795000314712524,1.9415836334228516
1.3523000478744507,1.3368967771530151
0.3240000009536743,0.30371761322021484
0.9545000195503235,0.946600615978241
1.1919000148773193,1.1634657382965088
0.5266000032424927,0.5227425694465637
0.6617000102996826,0.6939186453819275
0.8644000291824341,0.8377888202667236
0.6166999936103821,0.5801728963851929
0.38029998540878296,0.4184536337852478
2.154599905014038,2.132758617401123
0.2563999891281128,0.30371761322021484
1.8910000324249268,1.8853785991668701
0.3240000009536743,0.2994961142539978
1.1121000051498413,1.1103758811950684
0.47029998898506165,0.45463132858276367
0.63919997215271,0.638940691947937
1.34089994430542,1.3163816928863525
2.0055999755859375,2.059739828109741
1.9940999746322632,1.9977668523788452
0.7968000173568726,0.7913151979446411
0.9207000136375427,0.9145876169204712
1.4783999919891357,1.4773812294006348
1.593000054359436,1.661880612373352
0.886900007724762,0.9029961228370667
1.8221999406814575,1.8754178285598755
0.7067999839782715,0.6964421272277832
1.8107999563217163,1.7932279109954834
0.6166999936103821,0.640114426612854
0.45910000801086426,0.4746236801147461
0.45910000801086426,0.459537148475647
1.7877999544143677,1.9326199293136597
1.0219999551773071,1.0173627138137817
2.0857999324798584,2.080002546310425
1.5356999635696411,1.4920902252197266
0.6955000162124634,0.6960492730140686
1.363800048828125,1.3676955699920654
1.3523000478744507,1.316678524017334
2.257699966430664,2.200716018676758
1.6618000268936157,1.5851664543151855
1.363800048828125,1.3353115320205688
0.414000004529953,0.30371761322021484
1.7304999828338623,1.7151578664779663
2.0857999324798584,2.076937437057495
1.3523000478744507,1.3375144004821777
2.188999891281128,2.2874038219451904
0.628000020980835,0.605974555015564
1.3753000497817993,1.3572078943252563
1.5242999792099,1.5239375829696655
0.20010000467300415,0.2994961142539978
1.4555000066757202,1.471855640411377
1.5815999507904053,1.5484000444412231
1.9598000049591064,2.1017236709594727
1.1919000148773193,1.1746565103530884
0.20010000467300415,0.2994961142539978
2.0399999618530273,2.120495080947876
1.134600043296814,1.1436136960983276
1.5585999488830566,1.5917946100234985
2.1201999187469482,2.1965389251708984
1.7648999691009521,1.8168247938156128
2.211899995803833,2.231764078140259
0.8306000232696533,0.8232709169387817
2.0171000957489014,2.0712640285491943
1.0670000314712524,1.0693565607070923
0.3127000033855438,0.2994961142539978
2.223299980163574,2.2291641235351562
2.131700038909912,2.104708671569824
0.9545000195503235,0.9624097347259521
1.180400013923645,1.169620156288147
1.6962000131607056,1.6277390718460083
1.4211000204086304,1.3628087043762207
0.9994999766349792,0.979050874710083
1.180400013923645,1.1685473918914795
2.177500009536743,2.2447104454040527
1.9483000040054321,1.9355798959732056
0.5266000032424927,0.47980237007141113
2.1431000232696533,2.183924913406372
0.2563999891281128,0.30371761322021484
2.0171000957489014,2.265477180480957
2.1431000232696533,2.2141668796539307
1.8336999416351318,1.8000519275665283
0.7742999792098999,0.7593386769294739
1.8681000471115112,1.908198595046997
1.7419999837875366,1.7779818773269653
0.47029998898506165,0.48356348276138306
1.0782999992370605,1.0572525262832642
2.188999891281128,2.201786756515503
0.6166999936103821,0.6280277967453003
0.38029998540878296,0.4088050127029419
0.7968000173568726,0.7614489793777466
0.3352000117301941,0.30371761322021484
0.8194000124931335,0.8004665970802307
0.8644000291824341,0.8605989217758179
0.6729999780654907,0.666667103767395
1.6962000131607056,1.7025991678237915
1.34089994430542,1.3512163162231445
1.7304999828338623,1.7488847970962524
1.8451000452041626,1.8812071084976196
0.7631000280380249,0.7557582855224609
2.177500009536743,2.1329503059387207
0.7404999732971191,0.7069479823112488
0.436599999666214,0.4650426506996155
1.719099998474121,1.7698944807052612
0.3240000009536743,0.2994961142539978
0.63919997215271,0.6529272198677063
2.246299982070923,2.261378526687622
0.9093999862670898,0.8911867737770081
0.9769999980926514,0.9562218189239502
1.8336999416351318,1.7665120363235474
1.7648999691009521,1.7890167236328125
0.9431999921798706,0.9423588514328003
0.4253000020980835,0.4725421667098999
0.2563999891281128,0.30371761322021484
0.886900007724762,0.8501834273338318
0.7067999839782715,0.70229572057724
2.269200086593628,2.2791659832000732
1.593000054359436,1.592612624168396
1.673200011253357,1.632337212562561
2.1659998893737793,2.1992619037628174
2.234800100326538,2.228703498840332
0.9319000244140625,0.9230316877365112
1.4211000204086304,1.4159752130508423
0.5716999769210815,0.5920403003692627
0.9545000195503235,0.938564121723175
0.8981999754905701,0.8860680460929871
0.7631000280380249,0.7727895975112915
1.3982000350952148,1.3507962226867676
0.23389999568462372,0.30371761322021484
1.444000005722046,1.4494789838790894
0.4253000020980835,0.4241447448730469
0.9656999707221985,0.9679437875747681
1.2835999727249146,1.25719153881073
0.8080999851226807,0.7883358001708984
1.3293999433517456,1.3064419031143188
1.4668999910354614,1.4245188236236572
1.4211000204086304,1.4036587476730347
1.180400013923645,1.1661279201507568
0.7404999732971191,0.7403663992881775
1.444000005722046,1.411339521408081
1.5585999488830566,1.537689208984375
1.5127999782562256,1.4863783121109009
0.6504999995231628,0.6496262550354004
0.9319000244140625,0.9402557015419006
1.6159000396728516,1.601569652557373
2.211899995803833,2.26788067817688
1.2376999855041504,1.2158398628234863
1.5356999635696411,1.5264724493026733
0.5266000032424927,0.5135992765426636
0.48159998655319214,0.5035535097122192
2.0629000663757324,2.0296273231506348
1.48989999294281,1.4663981199264526
1.010699987411499,1.0094307661056519
1.5127999782562256,1.4596060514450073
1.2376999855041504,1.2263076305389404
2.0055999755859375,2.041689157485962
1.134600043296814,1.1212472915649414
0.36899998784065247,0.30371761322021484
2.257699966430664,2.2794322967529297
0.39149999618530273,0.4155586361885071
1.8336999416351318,1.88746976852417
1.134600043296814,1.109933853149414
0.6729999780654907,0.6778537631034851
0.44780001044273376,0.2994961142539978
0.8644000291824341,0.848491907119751
1.719099998474121,1.7151075601577759
2.1431000232696533,2.082003116607666
1.8451000452041626,1.7924492359161377
1.2835999727249146,1.2632936239242554
1.2491999864578247,1.246881365776062
1.9368000030517578,1.965789794921875
0.21140000224113464,0.30371761322021484
2.0857999324798584,2.2175190448760986
2.1659998893737793,2.155217409133911
0.3127000033855438,0.2994961142539978
0.7293000221252441,0.6980521082878113
1.1121000051498413,1.1023097038269043
0.6843000054359436,0.6731240749359131
2.257699966430664,2.288872241973877
0.6729999780654907,0.6979889273643494
1.1575000286102295,1.143783688545227
2.0513999462127686,2.1471776962280273
0.2676999866962433,0.30371761322021484
0.23389999568462372,0.2994961142539978
0.36899998784065247,0.30371761322021484
0.4027999937534332,0.30371761322021484
1.570099949836731,1.5693718194961548
1.4326000213623047,1.4358012676239014
1.409600019454956,1.419742465019226
1.2034000158309937,1.2046340703964233
2.0513999462127686,2.1341536045074463
2.211899995803833,2.249865770339966
0.4027999937534332,0.30371761322021484
1.7763999700546265,1.7966313362121582
0.7968000173568726,0.7908726334571838
2.269200086593628,2.2816715240478516
2.2004001140594482,2.2123000621795654
1.719099998474121,1.801938533782959
1.7877999544143677,1.8055450916290283
1.799299955368042,1.8878660202026367
0.436599999666214,0.41533273458480835
0.9431999921798706,0.927198588848114
0.5491999983787537,0.5379950404167175
0.48159998655319214,0.45889168977737427
1.3753000497817993,1.3734745979309082
0.8418999910354614,0.815589964389801
1.0444999933242798,1.0363119840621948
0.6843000054359436,0.6735324263572693
0.8755999803543091,0.8636199831962585
2.0973000526428223,2.0856125354766846
0.22269999980926514,0.30371761322021484
1.9940999746322632,1.996839165687561
0.8194000124931335,0.8257631659507751
0.22269999980926514,0.2994961142539978
2.1431000232696533,2.1868410110473633
0.7404999732971191,0.7176285982131958
1.1690000295639038,1.1682778596878052
0.7742999792098999,0.7882737517356873
1.856600046157837,1.9024229049682617
1.6962000131607056,1.6753818988800049
2.0629000663757324,2.149261236190796
2.269200086593628,2.216447591781616
1.134600043296814,1.1284360885620117
0.751800000667572,0.7446555495262146
0.5378999710083008,0.44952183961868286
2.211899995803833,2.2196707725524902
2.1659998893737793,2.136507034301758
2.0973000526428223,2.1247591972351074
2.269200086593628,2.345595598220825
1.260699987411499,1.2591428756713867
0.8194000124931335,0.84148108959198
0.7293000221252441,0.739107072353363
1.9139000177383423,1.8740482330322266
1.7648999691009521,1.8068162202835083
1.363800048828125,1.3472996950149536
0.29019999504089355,0.30371761322021484
1.7648999691009521,1.79013991355896
1.6847000122070312,1.681769609451294
1.9368000030517578,2.0149307250976562
0.9207000136375427,0.9171741604804993
0.8418999910354614,0.825892448425293
1.719099998474121,1.719062089920044
1.3523000478744507,1.3445985317230225
2.131700038909912,2.1537883281707764
1.3523000478744507,1.3205533027648926
1.753499984741211,1.768471598625183
1.4555000066757202,1.4436476230621338
1.9254000186920166,2.02003812789917
0.9769999980926514,0.9594284296035767
0.21140000224113464,0.30371761322021484
1.9139000177383423,1.8840622901916504
0.5153999924659729,0.45774829387664795
1.2034000158309937,1.1734715700149536
1.856600046157837,1.920157551765442
1.5585999488830566,1.5294181108474731
1.7304999828338623,1.7071677446365356
0.2451999932527542,0.2994961142539978
1.363800048828125,1.3155797719955444
1.409600019454956,1.4259856939315796
1.9483000040054321,1.9202312231063843
0.5378999710083008,0.5225633978843689
1.7648999691009521,1.7529456615447998
1.9368000030517578,2.0079214572906494
0.6729999780654907,0.6546191573143005
0.8194000124931335,0.8224361538887024
1.6045000553131104,1.5514243841171265
0.5716999769210815,0.5459338426589966
1.7419999837875366,1.6478393077850342
0.7856000065803528,0.8046402931213379
0.9319000244140625,0.929473876953125
0.5604000091552734,0.6045551300048828
0.9882000088691711,0.9855110049247742
0.2563999891281128,0.30371761322021484
1.1690000295639038,1.1774144172668457
1.856600046157837,1.902669072151184
1.5356999635696411,1.5328863859176636
2.074399948120117,2.1024575233459473
1.9368000030517578,2.1094002723693848
2.1431000232696533,2.1521313190460205
0.628000020980835,0.6398313641548157
2.188999891281128,2.1873672008514404
1.2835999727249146,1.2654212713241577
0.6843000054359436,0.7100576162338257
1.6503000259399414,1.683345913887024
1.570099949836731,1.5839767456054688
0.21140000224113464,0.30371761322021484
1.1919000148773193,1.1653283834457397
1.1461000442504883,1.146838903427124
0.9656999707221985,0.9610881805419922
0.9207000136375427,0.9143030047416687
0.23389999568462372,0.2994961142539978
1.799299955368042,1.8439306020736694
1.7075999975204468,1.8043382167816162
0.9545000195503235,0.9293733835220337
1.719099998474121,1.69709050655365
1.180400013923645,1.157065987586975
1.34089994430542,1.335870385169983
0.8531000018119812,0.8341013193130493
1.2263000011444092,1.192503571510315
0.414000004529953,0.30371761322021484
1.4783999919891357,1.4828455448150635
0.9769999980926514,0.9634777307510376
1.3982000350952148,1.340584397315979
1.9711999893188477,1.9974677562713623
0.8080999851226807,0.8090384006500244
0.751800000667572,0.7643548250198364
2.234800100326538,2.195693254470825
1.7763999700546265,1.7552999258041382
1.6503000259399414,1.6229547262191772
1.8795000314712524,1.9166934490203857
1.902400016784668,2.0007646083831787
1.4326000213623047,1.3960415124893188
1.34089994430542,1.3285006284713745
1.5012999773025513,1.5036050081253052
0.6843000054359436,0.7099255919456482
1.1575000286102295,1.1527836322784424
0.6504999995231628,0.6466366052627563
0.9769999980926514,0.9688315987586975
1.6389000415802002,1.5950082540512085
2.0399999618530273,2.0309715270996094
0.20010000467300415,0.2994961142539978
1.3523000478744507,1.3373041152954102
1.055799961090088,1.034091830253601
0.7631000280380249,0.796805739402771
0.6504999995231628,0.6447832584381104
1.48989999294281,1.4717371463775635
0.436599999666214,0.40989989042282104
0.8644000291824341,0.8460283279418945
2.1201999187469482,2.1761975288391113
0.7631000280380249,0.760120153427124
1.7648999691009521,1.6918431520462036
1.8107999563217163,1.7788256406784058
0.3352000117301941,0.30371761322021484
0.7067999839782715,0.7220495939254761
0.7856000065803528,0.7527104020118713
2.074399948120117,2.0711419582366943
2.1201999187469482,2.091320037841797
0.5491999983787537,0.5734875202178955
1.8107999563217163,1.9181034564971924
1.5242999792099,1.5281656980514526
0.44780001044273376,0.48933589458465576
1.8107999563217163,1.8074196577072144
1.2034000158309937,1.1868939399719238
1.6962000131607056,1.6964282989501953
1.2835999727249146,1.2737056016921997
1.8795000314712524,1.9109139442443848
1.6389000415802002,1.5640993118286133
0.3465000092983246,0.2994961142539978
1.4555000066757202,1.4495652914047241
1.1232999563217163,1.1090823411941528
1.5815999507904053,1.5864776372909546
1.3179999589920044,1.3133069276809692
0.7179999947547913,0.6929407119750977
0.5604000091552734,0.5302083492279053
1.6503000259399414,1.678740382194519
0.5041000247001648,0.537441074848175
1.010699987411499,1.0090456008911133
0.886900007724762,0.8945091366767883
0.7293000221252441,0.7316000461578369
0.6504999995231628,0.6613736748695374
1.0782999992370605,1.0657293796539307
1.260699987411499,1.2543858289718628
0.44780001044273376,0.42561525106430054
0.7067999839782715,0.7288117408752441
1.5471999645233154,1.5461938381195068
1.3523000478744507,1.372601866722107
1.5012999773025513,1.4220781326293945
0.5604000091552734,0.5848088264465332
1.0219999551773071,1.0119704008102417
1.30649995803833,1.2999653816223145
2.0055999755859375,1.9892984628677368
0.7067999839782715,0.7105697393417358
1.902400016784668,1.976647973060608
1.1919000148773193,1.1812944412231445
1.6045000553131104,1.61107337474823
0.9769999980926514,0.9783490896224976
2.0399999618530273,2.0721678733825684
1.3293999433517456,1.3225212097167969
0.9431999921798706,0.948872983455658
0.9431999921798706,0.9299730062484741
1.3982000350952148,1.4354232549667358
1.4668999910354614,1.4396113157272339
1.1121000051498413,1.109871506690979
2.0399999618530273,2.118140459060669
2.154599905014038,2.1658990383148193
2.2004001140594482,2.258502960205078
0.9769999980926514,0.9722504615783691
2.223299980163574,2.235234498977661
0.751800000667572,0.7718670964241028
1.260699987411499,1.2359073162078857
0.8080999851226807,0.7861394882202148
1.363800048828125,1.3415781259536743
0.8194000124931335,0.8144590258598328
1.2148000001907349,1.1904538869857788
1.753499984741211,1.7566883563995361
1.2491999864578247,1.2560752630233765
1.4326000213623047,1.3976880311965942
1.134600043296814,1.1319711208343506
1.9483000040054321,1.8642102479934692
1.5471999645233154,1.5311378240585327
1.6389000415802002,1.605832815170288
0.63919997215271,0.6313599348068237
0.7856000065803528,0.8023971319198608
2.0285000801086426,2.0637028217315674
1.1461000442504883,1.1510367393493652
0.414000004529953,0.2994961142539978
1.2263000011444092,1.2069799900054932
0.3352000117301941,0.30371761322021484
0.628000020980835,0.6229845285415649
0.7742999792098999,0.7616061568260193
1.1121000051498413,1.1107853651046753
1.2720999717712402,1.2619777917861938
0.3465000092983246,0.30371761322021484
1.48989999294281,1.4682127237319946
1.0333000421524048,1.0263755321502686
1.9483000040054321,2.0016908645629883
1.8910000324249268,1.9581390619277954
0.9545000195503235,0.9569376111030579
1.673200011253357,1.6549724340438843
1.4326000213623047,1.4582544565200806
0.20010000467300415,0.2994961142539978
1.6847000122070312,1.6658416986465454
1.5242999792099,1.501167893409729
0.8644000291824341,0.8625174164772034
1.4668999910354614,1.4902734756469727
2.1201999187469482,2.162191867828369
1.6274000406265259,1.6053621768951416
1.799299955368042,1.8961247205734253
0.36899998784065247,0.2994961142539978
1.5471999645233154,1.548648715019226
0.45910000801086426,0.46526598930358887
2.0857999324798584,2.214824914932251
1.2491999864578247,1.2403182983398438
0.7968000173568726,0.8104349970817566
0.6166999936103821,0.6025602221488953
0.2563999891281128,0.30371761322021484
1.1690000295639038,1.1566911935806274
0.20010000467300415,0.30371761322021484
2.234800100326538,2.2026076316833496
0.7856000065803528,0.7870671153068542
1.6618000268936157,1.696678638458252
1.0219999551773071,1.021153450012207
2.2004001140594482,2.199913263320923
1.409600019454956,1.3969992399215698
1.9368000030517578,1.9347573518753052
0.9545000195503235,0.9430071711540222
1.9254000186920166,1.9125031232833862
0.2451999932527542,0.30371761322021484
1.3867000341415405,1.3984355926513672
0.36899998784065247,0.2994961142539978
1.2034000158309937,1.1833101511001587
1.1008000373840332,1.0756916999816895
1.6389000415802002,1.6136854887008667
2.0973000526428223,2.1273868083953857
0.5604000091552734,0.49999701976776123
0.2451999932527542,0.2994961142539978
1.902400016784668,1.8410431146621704
1.34089994430542,1.3086217641830444
1.902400016784668,1.9138277769088745
0.5716999769210815,0.5849016904830933
1.6618000268936157,1.5906392335891724
0.3127000033855438,0.2994961142539978
1.9368000030517578,1.8608146905899048
1.7304999828338623,1.745039463043213
1.2263000011444092,1.204316258430481
0.751800000667572,0.7387105822563171
1.2491999864578247,1.2288923263549805
1.4555000066757202,1.4725087881088257
1.48989999294281,1.465957522392273
1.5356999635696411,1.5087392330169678
1.010699987411499,1.0037741661071777
0.63919997215271,0.6218535304069519
0.4027999937534332,0.46408307552337646
1.2034000158309937,1.1842836141586304
1.9254000186920166,1.9404271841049194
1.010699987411499,0.9934563040733337
0.3465000092983246,0.2994961142539978
2.0513999462127686,2.0692765712738037
1.7304999828338623,1.7181154489517212
1.9254000186920166,1.9649659395217896
1.30649995803833,1.2875107526779175
0.9769999980926514,0.9588471055030823
1.4326000213623047,1.4210407733917236
0.36899998784065247,0.2994961142539978
1.2491999864578247,1.232535719871521
1.1575000286102295,1.1575558185577393
1.444000005722046,1.4321014881134033
1.7075999975204468,1.7146159410476685
0.29019999504089355,0.30371761322021484
1.5471999645233154,1.5267808437347412
1.260699987411499,1.2402769327163696
0.5378999710083008,0.5594581961631775
0.7179999947547913,0.7075328826904297
1.134600043296814,1.1286686658859253
1.6618000268936157,1.669722080230713
1.6962000131607056,1.6963526010513306
1.673200011253357,1.7296957969665527
1.5356999635696411,1.5663105249404907
0.48159998655319214,0.4662279486656189
1.8451000452041626,1.781762719154358
1.180400013923645,1.1713910102844238
1.8910000324249268,1.952063798904419
1.0895999670028687,1.0744683742523193
1.34089994430542,1.3123944997787476
1.0219999551773071,0.9956493377685547
1.6847000122070312,1.6562877893447876
0.9431999921798706,0.922784149646759
1.8451000452041626,1.8491567373275757
1.5356999635696411,1.5125453472137451
0.47029998898506165,0.4555947780609131
1.8451000452041626,1.8661555051803589
1.9139000177383423,1.8880620002746582
1.8107999563217163,1.8311578035354614
1.5242999792099,1.5057796239852905
1.902400016784668,1.879212498664856
1.9254000186920166,1.9603208303451538
2.0513999462127686,2.1612205505371094
1.9598000049591064,1.9696075916290283
0.4253000020980835,0.414615273475647
1.4668999910354614,1.4371554851531982
0.9656999707221985,0.9546223878860474
2.246299982070923,2.2012362480163574
0.22269999980926514,0.2994961142539978
1.8910000324249268,1.9528987407684326
0.751800000667572,0.7381711006164551
0.9319000244140625,0.9436593055725098
1.2148000001907349,1.2016422748565674
1.0782999992370605,1.0747054815292358
0.2676999866962433,0.30371761322021484
1.3982000350952148,1.333952784538269
0.8755999803543091,0.8572666049003601
0.8418999910354614,0.8219329118728638
2.131700038909912,2.2283389568328857
0.7968000173568726,0.7853147387504578
0.3465000092983246,0.30371761322021484
1.0670000314712524,1.0465561151504517
1.4555000066757202,1.4445557594299316
1.5127999782562256,1.5638850927352905
1.7877999544143677,1.773392915725708
0.6843000054359436,0.6687625050544739
1.3523000478744507,1.3381288051605225
1.30649995803833,1.2922735214233398
0.7856000065803528,0.7856493592262268
1.6962000131607056,1.749088168144226
2.154599905014038,2.1942152976989746
1.5815999507904053,1.5662113428115845
1.4668999910354614,1.4809027910232544
1.6274000406265259,1.5990445613861084
0.5828999876976013,0.5980286002159119
1.673200011253357,1.6984902620315552
1.055799961090088,1.0544122457504272
0.7179999947547913,0.6852635741233826
1.1919000148773193,1.1906121969223022
0.8644000291824341,0.8378610610961914
1.2720999717712402,1.2902058362960815
0.20010000467300415,0.2994961142539978
1.8910000324249268,1.956510066986084
2.257699966430664,2.2671709060668945
0.7293000221252441,0.7388966083526611
0.9093999862670898,0.8834212422370911
0.9769999980926514,0.9553474187850952
2.1201999187469482,2.183267831802368
0.5828999876976013,0.5713015794754028
2.154599905014038,2.233201742172241
1.0444999933242798,1.0434930324554443
0.8306000232696533,0.8411921262741089
1.6159000396728516,1.5847910642623901
1.409600019454956,1.4007676839828491
1.363800048828125,1.3507355451583862
1.010699987411499,0.9881697297096252
0.7179999947547913,0.7103127241134644
1.7419999837875366,1.8164892196655273
1.6045000553131104,1.612483024597168
0.9656999707221985,0.9690269231796265
0.7742999792098999,0.7687718868255615
1.1121000051498413,1.1026402711868286
0.47029998898506165,0.44526875019073486
0.3578000068664551,0.2994961142539978
0.30149999260902405,0.30371761322021484
1.753499984741211,1.8938034772872925
0.9207000136375427,0.8900099992752075
0.9093999862670898,0.905348002910614
1.055799961090088,1.0455234050750732
0.3352000117301941,0.2994961142539978
1.34089994430542,1.3289289474487305
2.177500009536743,2.196795701980591
2.223299980163574,2.3334438800811768
1.6962000131607056,1.6314629316329956
1.9483000040054321,1.9720011949539185
1.5585999488830566,1.5606611967086792
0.8306000232696533,0.8448770642280579
0.436599999666214,0.44395172595977783
1.3753000497817993,1.340271234512329
1.1575000286102295,1.1435967683792114
0.9882000088691711,0.9908826351165771
1.1232999563217163,1.1115334033966064
0.9431999921798706,0.9367037415504456
1.0895999670028687,1.067795991897583
2.0399999618530273,2.059396982192993
0.7968000173568726,0.7948225140571594
1.3179999589920044,1.2996960878372192
0.27889999747276306,0.30371761322021484
1.6045000553131104,1.6183147430419922
0.3578000068664551,0.2994961142539978
0.9769999980926514,0.9637647867202759
1.570099949836731,1.554002046585083
1.7075999975204468,1.6479648351669312
0.3352000117301941,0.37409013509750366
0.605400025844574,0.6127774119377136
1.363800048828125,1.3368037939071655
1.8107999563217163,1.899675965309143
0.20010000467300415,0.30371761322021484
0.36899998784065247,0.30371761322021484
1.6274000406265259,1.6166179180145264
2.0629000663757324,2.0403964519500732
2.2004001140594482,2.177208662033081
0.5604000091552734,0.5659505724906921
1.0895999670028687,1.0865297317504883
0.29019999504089355,0.30371761322021484
1.6389000415802002,1.6725828647613525
1.3867000341415405,1.3536131381988525
1.5127999782562256,1.4671733379364014
0.3465000092983246,0.30371761322021484
2.0973000526428223,2.1263718605041504
0.7742999792098999,0.7923914790153503
1.5356999635696411,1.4789472818374634
2.269200086593628,2.2584149837493896
1.134600043296814,1.120651125907898
0.8531000018119812,0.8562105894088745
0.7742999792098999,0.7635045051574707
1.1008000373840332,1.0922963619232178
1.9139000177383423,1.8755871057510376
1.9598000049591064,1.9451416730880737
0.7293000221252441,0.6802244782447815
1.7304999828338623,1.7511866092681885
1.9711999893188477,1.9384876489639282
0.3578000068664551,0.2994961142539978
1.2720999717712402,1.2727985382080078
0.5491999983787537,0.5540318489074707
1.3982000350952148,1.378056287765503
1.6159000396728516,1.5970346927642822
1.3753000497817993,1.3445276021957397
0.7179999947547913,0.7107511162757874
0.38029998540878296,0.30371761322021484
1.3179999589920044,1.2859121561050415
0.9882000088691711,0.9597760438919067
1.260699987411499,1.2643110752105713
1.0219999551773071,1.0251164436340332
0.2676999866962433,0.2994961142539978
2.234800100326538,2.2824440002441406
1.3179999589920044,1.3166813850402832
1.3293999433517456,1.3505854606628418
0.38029998540878296,0.30371761322021484
0.2676999866962433,0.2994961142539978
1.673200011253357,1.7077885866165161
0.20010000467300415,0.30371761322021484
2.0857999324798584,2.1633713245391846
1.2720999717712402,1.254312515258789
2.074399948120117,2.0569393634796143
1.4783999919891357,1.4814133644104004
0.45910000801086426,0.2994961142539978
0.7631000280380249,0.7621345520019531
0.29019999504089355,0.2994961142539978
0.6729999780654907,0.6790401935577393
1.3867000341415405,1.3741141557693481
1.6159000396728516,1.6043436527252197
2.0171000957489014,2.146035671234131
0.30149999260902405,0.30371761322021484
1.2263000011444092,1.2112094163894653
0.628000020980835,0.6434459090232849
1.2376999855041504,1.2527709007263184
0.9656999707221985,0.9644867181777954
0.2676999866962433,0.2994961142539978
0.3127000033855438,0.30371761322021484
0.2563999891281128,0.2994961142539978
1.6962000131607056,1.6677085161209106
0.5266000032424927,0.4958641529083252
1.6274000406265259,1.6244105100631714
1.2263000011444092,1.2111178636550903
0.63919997215271,0.6224266290664673
0.6955000162124634,0.6914133429527283
1.7419999837875366,1.6978843212127686
1.2263000011444092,1.2100024223327637
0.38029998540878296,0.30371761322021484
1.719099998474121,1.695292592048645
1.9254000186920166,1.9559664726257324
1.2263000011444092,1.2068796157836914
2.211899995803833,2.244162082672119
2.234800100326538,2.2590110301971436
2.1087000370025635,2.166078567504883
1.8107999563217163,1.8649982213974
1.8221999406814575,1.8767565488815308
0.5942000150680542,0.5836038589477539
1.0219999551773071,1.0103175640106201
1.6389000415802002,1.6859463453292847
2.246299982070923,2.3541805744171143
1.6503000259399414,1.6410588026046753
1.902400016784668,1.9553221464157104
1.2949999570846558,1.2881839275360107
0.7742999792098999,0.7783710360527039
2.154599905014038,2.2138850688934326
1.3523000478744507,1.3457483053207397
0.3240000009536743,0.2994961142539978
1.1232999563217163,1.1038097143173218
1.055799961090088,1.0236754417419434
1.9598000049591064,1.986990213394165
1.180400013923645,1.1580673456192017
1.0444999933242798,1.047542691230774
1.856600046157837,1.8792755603790283
0.4253000020980835,0.3222113251686096
1.8221999406814575,1.8530222177505493
1.5585999488830566,1.5425606966018677
1.2376999855041504,1.2277945280075073
1.8451000452041626,1.9040348529815674
0.44780001044273376,0.4686388373374939
2.0973000526428223,2.1605312824249268
0.7742999792098999,0.7667378783226013
1.902400016784668,1.8521028757095337
2.1431000232696533,2.0874600410461426
2.188999891281128,2.212482213973999
0.9207000136375427,0.9030879735946655
0.3465000092983246,0.2994961142539978
1.673200011253357,1.630293607711792
0.6504999995231628,0.651121199131012
0.45910000801086426,0.4390530586242676
1.5242999792099,1.5457680225372314
1.1121000051498413,1.1033538579940796
0.22269999980926514,0.30371761322021484
0.3127000033855438,0.2994961142539978
0.6955000162124634,0.6911496520042419
1.3982000350952148,1.360254168510437
2.1659998893737793,2.2911999225616455
0.2563999891281128,0.2994961142539978
2.154599905014038,2.1661574840545654
0.5491999983787537,0.5724614262580872
0.5828999876976013,0.5768037438392639
1.9139000177383423,1.9610249996185303
1.3982000350952148,1.3623911142349243
1.753499984741211,1.753476619720459
1.7648999691009521,1.7253828048706055
1.4326000213623047,1.4222151041030884
2.074399948120117,2.1343815326690674
1.3867000341415405,1.4090588092803955
1.0333000421524048,0.9990201592445374
1.9139000177383423,1.9871162176132202
1.363800048828125,1.3807125091552734
0.21140000224113464,0.30371761322021484
0.3127000033855438,0.2994961142539978
0.9093999862670898,0.9077304601669312
1.6389000415802002,1.6785056591033936
0.4253000020980835,0.4529880881309509
0.8418999910354614,0.8301780223846436
0.44780001044273376,0.5163697004318237
0.5604000091552734,0.5667670369148254
1.9940999746322632,2.0978105068206787
1.2491999864578247,1.2176284790039062
0.2676999866962433,0.2994961142539978
1.1121000051498413,1.0856300592422485
0.8981999754905701,0.8950811624526978
0.5942000150680542,0.6252495050430298
2.257699966430664,2.2151553630828857
0.9656999707221985,0.9604554772377014
0.30149999260902405,0.2994961142539978
1.3867000341415405,1.3397953510284424
1.982699990272522,1.9490948915481567
1.3753000497817993,1.3583568334579468
0.492900013923645,0.4746546149253845
0.8194000124931335,0.8075532913208008
2.188999891281128,2.2403934001922607
0.48159998655319214,0.5093991160392761
0.9656999707221985,0.9565187692642212
1.7419999837875366,1.7428934574127197
0.5041000247001648,0.5038768649101257
0.6504999995231628,0.6294419169425964
0.3127000033855438,0.2994961142539978
2.0399999618530273,2.119062900543213
0.4027999937534332,0.41357922554016113
0.20010000467300415,0.30371761322021484
0.3240000009536743,0.30371761322021484
0.414000004529953,0.4075632095336914
1.2491999864578247,1.2457596063613892
1.010699987411499,0.9986680746078491
2.211899995803833,2.174713373184204
1.134600043296814,1.1163078546524048
1.3753000497817993,1.35598623752594
0.414000004529953,0.3838863968849182
2.074399948120117,2.1331794261932373
2.0055999755859375,1.9751650094985962
1.8795000314712524,1.9144814014434814
1.0444999933242798,1.0257993936538696
0.5491999983787537,0.5690520405769348
1.2263000011444092,1.220564603805542
1.982699990272522,2.0118772983551025
0.9545000195503235,0.9367097020149231
0.6843000054359436,0.7010800838470459
2.234800100326538,2.15881609916687
1.570099949836731,1.5964324474334717
1.0895999670028687,1.061037302017212
1.982699990272522,2.014248847961426
0.5266000032424927,0.502667248249054
1.8795000314712524,1.92776358127594
2.0285000801086426,2.0510263442993164
1.8910000324249268,1.888179063796997
1.2491999864578247,1.2258169651031494
1.5356999635696411,1.506527066230774
0.5828999876976013,0.596883237361908
1.055799961090088,1.0515862703323364
1.5242999792099,1.52012300491333
0.48159998655319214,0.49919742345809937
0.8644000291824341,0.8465525507926941
0.7631000280380249,0.7548326849937439
1.260699987411499,1.2353094816207886
0.3352000117301941,0.2994961142539978
1.409600019454956,1.4036649465560913
1.8221999406814575,1.8473384380340576
1.7075999975204468,1.7025247812271118
1.3523000478744507,1.3406559228897095
0.3465000092983246,0.40070682764053345
2.1431000232696533,2.1777243614196777
1.6962000131607056,1.6789621114730835
1.134600043296814,1.1074719429016113
0.7067999839782715,0.7123425006866455
1.902400016784668,1.9319095611572266
0.9545000195503235,0.9472562074661255
1.3293999433517456,1.3194446563720703
1.8451000452041626,1.8563730716705322
0.29019999504089355,0.30371761322021484
0.886900007724762,0.8546665906906128
0.27889999747276306,0.30371761322021484
1.363800048828125,1.3605523109436035
0.3127000033855438,0.2994961142539978
1.3867000341415405,1.3869203329086304
0.3240000009536743,0.30371761322021484
0.8981999754905701,0.8979254961013794
0.9994999766349792,0.9797340631484985
0.9431999921798706,0.9188458919525146
0.8644000291824341,0.864648699760437
0.5378999710083008,0.4999905228614807
0.3127000033855438,0.2994961142539978
1.6045000553131104,1.5649713277816772
2.1087000370025635,2.121293067932129
0.605400025844574,0.5640738010406494
1.055799961090088,1.0510300397872925
1.9598000049591064,2.041811466217041
0.9431999921798706,0.9373701214790344
0.751800000667572,0.7505173683166504
1.3179999589920044,1.3053585290908813
0.5942000150680542,0.6006299257278442
0.7968000173568726,0.7890176773071289
0.6955000162124634,0.7134753465652466
1.902400016784668,1.9469789266586304
2.131700038909912,2.1435353755950928
0.5716999769210815,0.5953574180603027
1.2949999570846558,1.3030072450637817
1.5242999792099,1.5340750217437744
2.0857999324798584,2.1886119842529297
1.3753000497817993,1.3644413948059082
2.246299982070923,2.2909955978393555
0.36899998784065247,0.30371761322021484
2.0857999324798584,2.107389211654663
1.5815999507904053,1.5837161540985107
0.3465000092983246,0.30371761322021484
1.3982000350952148,1.3678624629974365
1.8910000324249268,1.9422930479049683
1.6159000396728516,1.6120668649673462
1.2720999717712402,1.2669275999069214
1.5356999635696411,1.5576895475387573
1.7763999700546265,1.850018858909607
2.177500009536743,2.1433186531066895
1.1232999563217163,1.1107003688812256
1.7877999544143677,1.763741135597229
2.188999891281128,2.256899356842041
0.9545000195503235,0.9553024768829346
2.1431000232696533,2.1172075271606445
0.39149999618530273,0.457516074180603
0.5604000091552734,0.5919885635375977
2.0055999755859375,2.0979068279266357
2.234800100326538,2.1386988162994385
0.8644000291824341,0.8500474691390991
1.1919000148773193,1.191582202911377
1.1232999563217163,1.107650876045227
1.9598000049591064,2.0360019207000732
2.131700038909912,2.15114688873291
0.36899998784065247,0.4066981077194214
0.7856000065803528,0.8035585284233093
0.63919997215271,0.6238528490066528
1.8221999406814575,1.8217661380767822
1.1008000373840332,1.1059335470199585
0.8080999851226807,0.7986516952514648
1.48989999294281,1.4836045503616333
1.8221999406814575,1.8777440786361694
0.6617000102996826,0.6299245357513428
1.856600046157837,1.8777275085449219
2.0285000801086426,2.1246137619018555
1.8451000452041626,1.9265364408493042
1.3293999433517456,1.3219020366668701
2.0513999462127686,2.039473295211792
1.3293999433517456,1.335512399673462
1.409600019454956,1.3979946374893188
1.799299955368042,1.8785282373428345
2.154599905014038,2.186999797821045
0.628000020980835,0.6102554202079773
1.2720999717712402,1.2297935485839844
1.0219999551773071,1.0047498941421509
2.0399999618530273,2.0565028190612793
0.9882000088691711,0.9711738228797913
1.1232999563217163,1.0983915328979492
2.154599905014038,2.2329180240631104
0.9882000088691711,0.9975608587265015
0.7404999732971191,0.7638556361198425
1.5356999635696411,1.5470664501190186
2.246299982070923,2.261091709136963
1.9940999746322632,2.0361180305480957
0.9994999766349792,0.9866394400596619
0.751800000667572,0.7267811298370361
0.3352000117301941,0.30371761322021484
1.3982000350952148,1.394959568977356
2.131700038909912,2.198364019393921
0.8306000232696533,0.8285526633262634
1.444000005722046,1.4082434177398682
1.6847000122070312,1.6589324474334717
0.9769999980926514,0.9572945237159729
0.27889999747276306,0.2994961142539978
0.8531000018119812,0.8661720156669617
0.9431999921798706,0.9194151759147644
0.9431999921798706,0.9079082012176514
0.20010000467300415,0.2994961142539978
1.9711999893188477,2.0297887325286865
2.074399948120117,2.0545458793640137
0.21140000224113464,0.30371761322021484
0.9882000088691711,0.9666933417320251
0.9319000244140625,0.9252961277961731
2.177500009536743,2.175149917602539
0.6166999936103821,0.6325197219848633
0.23389999568462372,0.2994961142539978
1.5356999635696411,1.5427007675170898
0.8981999754905701,0.9000363945960999
1.4555000066757202,1.5034149885177612
1.3179999589920044,1.2874988317489624
2.234800100326538,2.196737051010132
0.5378999710083008,0.5487831830978394
1.2491999864578247,1.2116093635559082
1.6618000268936157,1.678642749786377
0.6729999780654907,0.6840547323226929
0.6504999995231628,0.6455239057540894
0.6955000162124634,0.6946371793746948
1.3523000478744507,1.3586201667785645
2.0857999324798584,2.1248433589935303
2.0857999324798584,2.1824512481689453
1.6274000406265259,1.6212670803070068
1.260699987411499,1.246863842010498
1.3753000497817993,1.3965386152267456
2.1431000232696533,2.2040889263153076
1.134600043296814,1.1247292757034302
2.0973000526428223,2.109109878540039
0.9882000088691711,0.9692656397819519
0.8531000018119812,0.8668236136436462
0.4027999937534332,0.2994961142539978
0.6166999936103821,0.6252154111862183
1.673200011253357,1.6364864110946655
0.4027999937534332,0.2994961142539978
0.5378999710083008,0.5623912215232849
0.44780001044273376,0.4878528118133545
1.134600043296814,1.130419135093689
1.134600043296814,1.1224387884140015
0.414000004529953,0.2994961142539978
0.8531000018119812,0.8551498651504517
0.29019999504089355,0.30371761322021484
1.6159000396728516,1.6184287071228027
0.2451999932527542,0.30371761322021484
1.48989999294281,1.4843382835388184
0.605400025844574,0.6287965178489685
1.8221999406814575,1.8903168439865112
1.6389000415802002,1.6342787742614746
0.29019999504089355,0.30371761322021484
0.6843000054359436,0.6826565265655518
1.4783999919891357,1.4431499242782593
1.0895999670028687,1.0660905838012695
1.6503000259399414,1.6433860063552856
1.363800048828125,1.3402302265167236
0.9431999921798706,0.9440522193908691
1.6045000553131104,1.554884672164917
0.628000020980835,0.6534566283226013
1.5471999645233154,1.5121134519577026
2.1201999187469482,2.056640386581421
1.593000054359436,1.5814638137817383
0.628000020980835,0.5977421998977661
0.21140000224113464,0.2994961142539978
2.0857999324798584,2.136286497116089
1.1919000148773193,1.1701644659042358
1.6962000131607056,1.6702237129211426
0.7293000221252441,0.7439499497413635
0.3352000117301941,0.2994961142539978
0.7067999839782715,0.7103949189186096
0.9207000136375427,0.9086381793022156
2.257699966430664,2.2320046424865723
0.8418999910354614,0.8305028676986694
0.4253000020980835,0.42046499252319336
1.902400016784668,1.9815946817398071
0.8531000018119812,0.8513067960739136
1.5356999635696411,1.5623995065689087
2.0285000801086426,1.9997698068618774
1.3867000341415405,1.378449559211731
1.7763999700546265,1.801175594329834
2.188999891281128,2.225409507751465
2.2004001140594482,2.204493999481201
0.9545000195503235,0.9477525353431702
0.2563999891281128,0.30371761322021484
0.8531000018119812,0.8449051976203918
1.010699987411499,1.0029652118682861
2.131700038909912,2.247706890106201
1.902400016784668,2.033334255218506
2.1431000232696533,2.1778225898742676
1.8681000471115112,1.9076160192489624
0.4253000020980835,0.2994961142539978
1.6159000396728516,1.678406000137329
1.5127999782562256,1.5487185716629028
1.363800048828125,1.3370437622070312
2.0973000526428223,2.198040008544922
1.3753000497817993,1.386817455291748
1.593000054359436,1.5964010953903198
0.3465000092983246,0.2994961142539978
0.36899998784065247,0.30371761322021484
1.0333000421524048,1.0299917459487915
1.1232999563217163,1.1162406206130981
1.34089994430542,1.3395434617996216
2.1201999187469482,2.1964635848999023
1.6274000406265259,1.616548776626587
0.7631000280380249,0.7517104148864746
1.6274000406265259,1.6737381219863892
1.2148000001907349,1.191909909248352
1.4211000204086304,1.3940414190292358
1.982699990272522,2.0413169860839844
1.5471999645233154,1.5717144012451172
1.134600043296814,1.124733567237854
1.1575000286102295,1.160628318786621
0.8755999803543091,0.8779732584953308
2.0399999618530273,1.9878265857696533
2.269200086593628,2.291301727294922
0.27889999747276306,0.30371761322021484
0.9882000088691711,0.9780834317207336
1.4555000066757202,1.4375251531600952
1.2263000011444092,1.2071168422698975
1.7075999975204468,1.7136136293411255
2.131700038909912,2.071938991546631
1.9139000177383423,1.8896212577819824
1.7877999544143677,1.7696532011032104
0.9994999766349792,0.9862842559814453
2.0629000663757324,2.217684268951416
1.3867000341415405,1.4284199476242065
1.9483000040054321,1.9879555702209473
1.5815999507904053,1.5325562953948975
1.3982000350952148,1.4089126586914062
1.1461000442504883,1.1427083015441895
1.6618000268936157,1.6470108032226562
1.7304999828338623,1.7155885696411133
1.30649995803833,1.3220820426940918
1.2949999570846558,1.2688627243041992
0.6617000102996826,0.6737264394760132
0.44780001044273376,0.48097777366638184
0.8418999910354614,0.8430616855621338
1.5585999488830566,1.5138670206069946
1.180400013923645,1.1605892181396484
0.44780001044273376,0.4818413257598877
1.2835999727249146,1.2351306676864624
0.4253000020980835,0.3669663071632385
1.0219999551773071,1.0078414678573608
0.7968000173568726,0.7918201684951782
0.9207000136375427,0.9300397634506226
1.982699990272522,1.975481390953064
0.628000020980835,0.645815372467041
2.0055999755859375,2.0705373287200928
0.9431999921798706,0.9310004711151123
2.177500009536743,2.211650848388672
0.6843000054359436,0.6963503360748291
1.260699987411499,1.236764907836914
0.45910000801086426,0.5063610672950745
1.30649995803833,1.2862833738327026
0.5491999983787537,0.5237935781478882
0.8531000018119812,0.8534759879112244
0.3127000033855438,0.2994961142539978
0.7293000221252441,0.7430737018585205
1.6389000415802002,1.6278084516525269
0.5942000150680542,0.5714804530143738
1.6159000396728516,1.613046407699585
1.134600043296814,1.131494164466858
2.1659998893737793,2.1797783374786377
1.6159000396728516,1.5446172952651978
1.9254000186920166,1.9855173826217651
1.8910000324249268,1.8853405714035034
1.2720999717712402,1.2674200534820557
0.38029998540878296,0.30371761322021484
0.6504999995231628,0.676518976688385
0.22269999980926514,0.30371761322021484
0.8306000232696533,0.8314930200576782
2.269200086593628,2.257859230041504
1.8221999406814575,1.8299529552459717
1.719099998474121,1.7473677396774292
1.1461000442504883,1.1438963413238525
1.8451000452041626,1.8588283061981201
1.8795000314712524,1.9052140712738037
1.4783999919891357,1.468443751335144
0.8080999851226807,0.8153675198554993
1.9139000177383423,1.9095460176467896
1.260699987411499,1.2527694702148438
0.7631000280380249,0.7682188749313354
1.4783999919891357,1.450026035308838
2.2004001140594482,2.14408278465271
0.39149999618530273,0.2994961142539978
0.4253000020980835,0.4266681671142578
0.2563999891281128,0.2994961142539978
0.2563999891281128,0.30371761322021484
2.131700038909912,2.12919020652771
0.7631000280380249,0.7618050575256348
2.246299982070923,2.2930703163146973
1.5356999635696411,1.5972484350204468
0.9093999862670898,0.9016920328140259
0.9093999862670898,0.8953449726104736
0.5041000247001648,0.4581788182258606
0.5604000091552734,0.5407941937446594
0.7968000173568726,0.7802810668945312
2.0629000663757324,2.1162798404693604
1.0670000314712524,1.0472562313079834
1.3293999433517456,1.344568133354187
1.1008000373840332,1.0951639413833618
1.7419999837875366,1.7043577432632446
1.8795000314712524,1.877424716949463
2.234800100326538,2.249943971633911
2.0857999324798584,2.1205315589904785
0.5153999924659729,0.4677848815917969
1.363800048828125,1.3378499746322632
1.5242999792099,1.5224180221557617
1.34089994430542,1.3364204168319702
0.5604000091552734,0.5711671710014343
1.444000005722046,1.419283390045166
0.7404999732971191,0.7116838693618774
1.2835999727249146,1.2640935182571411
1.6274000406265259,1.5759919881820679
2.234800100326538,2.2491867542266846
1.0782999992370605,1.0692598819732666
0.6843000054359436,0.6865072846412659
0.492900013923645,0.47479838132858276
0.492900013923645,0.4553171992301941
1.9254000186920166,1.9456193447113037
0.8644000291824341,0.8659182190895081
1.1575000286102295,1.1541632413864136
0.2676999866962433,0.30371761322021484
1.7877999544143677,1.8368257284164429
2.177500009536743,2.2709226608276367
2.188999891281128,2.166292190551758
1.1008000373840332,1.0776320695877075
1.856600046157837,1.8481695652008057
1.3867000341415405,1.4053231477737427
1.1008000373840332,1.1090258359909058
1.982699990272522,2.064030885696411
1.4668999910354614,1.4716874361038208
1.7304999828338623,1.7390424013137817
0.6504999995231628,0.6391832828521729
1.1919000148773193,1.2083139419555664
1.570099949836731,1.6054786443710327
0.8531000018119812,0.8490962982177734
0.751800000667572,0.7400590181350708
1.1461000442504883,1.1410181522369385
2.074399948120117,2.0667154788970947
0.9319000244140625,0.9156715273857117
1.3753000497817993,1.3920000791549683
1.2148000001907349,1.2179995775222778
1.134600043296814,1.1267067193984985
1.2034000158309937,1.1898303031921387
1.6389000415802002,1.7604103088378906
0.886900007724762,0.8620738387107849
0.8755999803543091,0.8930435180664062
0.7742999792098999,0.7526310086250305
0.39149999618530273,0.30371761322021484
1.6503000259399414,1.7169544696807861
0.6729999780654907,0.6698564291000366
0.27889999747276306,0.2994961142539978
0.6955000162124634,0.683300793170929
1.8336999416351318,1.8579998016357422
1.5356999635696411,1.5623117685317993
1.0895999670028687,1.0745048522949219
2.269200086593628,2.2798264026641846
2.0973000526428223,2.1525630950927734
1.2720999717712402,1.2420424222946167
0.492900013923645,0.48839396238327026
2.1087000370025635,2.2340312004089355
1.134600043296814,1.1217764616012573
1.0333000421524048,1.0099719762802124
1.055799961090088,1.0617464780807495
1.1008000373840332,1.0831085443496704
1.4668999910354614,1.5194132328033447
1.2148000001907349,1.196781873703003
0.23389999568462372,0.30371761322021484
0.30149999260902405,0.2994961142539978
0.30149999260902405,0.30371761322021484
0.436599999666214,0.4422153830528259
2.177500009536743,2.212501287460327
1.444000005722046,1.3850133419036865
1.6847000122070312,1.711221694946289
0.7067999839782715,0.6827257871627808
2.131700038909912,2.193218946456909
1.902400016784668,1.8624049425125122
1.3179999589920044,1.3302949666976929
0.39149999618530273,0.30371761322021484
0.9882000088691711,0.9655313491821289
1.856600046157837,1.9030946493148804
0.38029998540878296,0.2994961142539978
2.074399948120117,2.2031519412994385
0.6504999995231628,0.6523500084877014
1.1008000373840332,1.1038658618927002
0.492900013923645,0.530626118183136
0.9882000088691711,0.9651919603347778
2.269200086593628,2.200789213180542
0.63919997215271,0.665847659111023
2.177500009536743,2.1647324562072754
0.492900013923645,0.5452787280082703
1.2949999570846558,1.2993494272232056
1.7648999691009521,1.7478429079055786
2.0629000663757324,2.0627098083496094
1.2263000011444092,1.2063065767288208
1.719099998474121,1.699318766593933
1.719099998474121,1.7553147077560425
1.8107999563217163,1.8790748119354248
0.5266000032424927,0.4893505573272705
1.1461000442504883,1.1449872255325317
0.7856000065803528,0.7798261642456055
0.7293000221252441,0.727164626121521
1.8221999406814575,1.8580478429794312
1.753499984741211,1.8042116165161133
0.5041000247001648,0.41887664794921875
1.719099998474121,1.718076229095459
2.0285000801086426,2.102987289428711
1.0219999551773071,0.9922846555709839
1.5356999635696411,1.560855507850647
0.47029998898506165,0.521647036075592
0.8418999910354614,0.8307070732116699
1.2949999570846558,1.2900117635726929
2.257699966430664,2.1976754665374756
0.886900007724762,0.8740327954292297
0.5266000032424927,0.5235514640808105
1.7763999700546265,1.7768919467926025
1.5127999782562256,1.5033793449401855
0.414000004529953,0.4461553692817688
1.9940999746322632,2.014514446258545
0.3465000092983246,0.30371761322021484
2.131700038909912,2.06697940826416
1.6159000396728516,1.5667333602905273
0.8755999803543091,0.8580902218818665
1.5471999645233154,1.532081127166748
1.2720999717712402,1.2586241960525513
0.7631000280380249,0.747173011302948
0.5604000091552734,0.5605495572090149
0.48159998655319214,0.4729992747306824
1.0444999933242798,1.0088927745819092
0.7067999839782715,0.6640594005584717
1.4783999919891357,1.4853869676589966
1.982699990272522,2.0384774208068848
0.27889999747276306,0.2994961142539978
2.234800100326538,2.2484641075134277
0.8080999851226807,0.838040828704834
0.9769999980926514,0.9805231094360352
1.010699987411499,0.9973600506782532
1.9368000030517578,2.0283219814300537
2.1659998893737793,2.182295083999634
1.260699987411499,1.2671362161636353
1.134600043296814,1.100296139717102
0.45910000801086426,0.4909617304801941
0.29019999504089355,0.30371761322021484
1.5815999507904053,1.5643783807754517
1.2376999855041504,1.2371546030044556
0.9431999921798706,0.9290891289710999
2.1087000370025635,2.114105224609375
1.1919000148773193,1.1835013628005981
2.0629000663757324,2.0733494758605957
1.5356999635696411,1.4899797439575195
0.21140000224113464,0.2994961142539978
1.2034000158309937,1.1913899183273315
0.7856000065803528,0.8148065805435181
1.6503000259399414,1.6566816568374634
1.5585999488830566,1.5742785930633545
0.8531000018119812,0.8344076871871948
1.1232999563217163,1.1022671461105347
0.5041000247001648,0.5038414597511292
0.29019999504089355,0.30371761322021484
1.799299955368042,1.8255285024642944
1.5127999782562256,1.5344263315200806
2.0285000801086426,2.0318994522094727
2.1087000370025635,2.1568729877471924
2.177500009536743,2.243378162384033
1.8221999406814575,1.8601078987121582
2.0055999755859375,2.034125566482544
1.1461000442504883,1.1499440670013428
1.570099949836731,1.5974149703979492
0.6955000162124634,0.68231201171875
1.055799961090088,1.0381361246109009
2.0513999462127686,2.106522798538208
2.188999891281128,2.2415642738342285
0.5378999710083008,0.5183630585670471
0.39149999618530273,0.30371761322021484
2.0055999755859375,2.0133883953094482
1.4668999910354614,1.438677191734314
1.7648999691009521,1.7092729806900024
1.4668999910354614,1.4569385051727295
1.2835999727249146,1.2435814142227173
2.1201999187469482,2.193291664123535
2.1659998893737793,2.12332820892334
0.5041000247001648,0.4995604157447815
0.6955000162124634,0.7244283556938171
1.0444999933242798,1.0304372310638428
1.9368000030517578,1.9592739343643188
1.7877999544143677,1.8391823768615723
1.055799961090088,1.042486310005188
0.9319000244140625,0.9387920498847961
1.2263000011444092,1.2118154764175415
0.6166999936103821,0.6583638191223145
1.3867000341415405,1.362269401550293
0.3578000068664551,0.30371761322021484
2.154599905014038,2.1443347930908203
0.20010000467300415,0.30371761322021484
0.48159998655319214,0.5118236541748047
1.8336999416351318,1.865526556968689
1.134600043296814,1.1162469387054443
2.2004001140594482,2.0903501510620117
0.45910000801086426,0.4541189670562744
1.719099998474121,1.7648488283157349
1.6389000415802002,1.629875898361206
0.3127000033855438,0.2994961142539978
0.8194000124931335,0.811115026473999
1.3293999433517456,1.3193756341934204
0.23389999568462372,0.30371761322021484
0.9545000195503235,0.933361828327179
1.1121000051498413,1.0991700887680054
0.9882000088691711,0.9908897876739502
0.5378999710083008,0.5971577167510986
2.211899995803833,2.249307632446289
0.23389999568462372,0.2994961142539978
1.719099998474121,1.6546372175216675
0.22269999980926514,0.2994961142539978
0.9656999707221985,0.9654693603515625
1.9483000040054321,1.9743633270263672
1.2720999717712402,1.2806845903396606
1.363800048828125,1.347699522972107
2.074399948120117,2.2157747745513916
1.4326000213623047,1.423644781112671
2.2004001140594482,2.1124796867370605
0.9882000088691711,0.985804557800293
1.3753000497817993,1.368092656135559
2.0629000663757324,2.12969970703125
0.8306000232696533,0.8492376208305359
1.5471999645233154,1.5829302072525024
2.188999891281128,2.2934677600860596
2.234800100326538,2.212101697921753
1.6045000553131104,1.5880037546157837
2.2004001140594482,2.2410099506378174
1.8221999406814575,1.8437141180038452
0.48159998655319214,0.4576669931411743
0.44780001044273376,0.4770669937133789
2.0055999755859375,1.9942015409469604
0.2563999891281128,0.2994961142539978
1.4211000204086304,1.363446831703186
1.409600019454956,1.4239975214004517
2.0055999755859375,2.0021650791168213
1.4555000066757202,1.470824122428894
1.3753000497817993,1.345289945602417
1.0333000421524048,1.047278881072998
1.8795000314712524,1.949645757675171
1.055799961090088,1.0618071556091309
0.47029998898506165,0.4744730591773987
1.0782999992370605,1.0613012313842773
2.0285000801086426,2.0608158111572266
2.074399948120117,2.1815590858459473
0.7179999947547913,0.7061887383460999
1.48989999294281,1.4649195671081543
2.211899995803833,2.2264370918273926
0.7293000221252441,0.735969066619873
0.9769999980926514,0.9494181871414185
2.223299980163574,2.195124387741089
2.131700038909912,2.2563886642456055
0.5491999983787537,0.5419903993606567
0.45910000801086426,0.4777795076370239
0.7631000280380249,0.7637389302253723
1.2376999855041504,1.2323700189590454
1.2491999864578247,1.2348166704177856
1.5815999507904053,1.5748409032821655
1.2491999864578247,1.2593387365341187
2.131700038909912,2.1882247924804688
0.48159998655319214,0.49635249376296997
1.0670000314712524,1.0680807828903198
1.1121000051498413,1.1082326173782349
1.9254000186920166,1.921193242073059
1.8681000471115112,1.9553415775299072
0.8080999851226807,0.8226829171180725
1.7877999544143677,1.8842864036560059
2.211899995803833,2.2362430095672607
1.4555000066757202,1.4601892232894897
1.9254000186920166,1.911089539527893
1.5356999635696411,1.566361904144287
0.5266000032424927,0.4396030306816101
1.9711999893188477,1.9210368394851685
2.257699966430664,2.250192880630493
2.2004001140594482,2.275214910507202
1.6159000396728516,1.627842903137207
0.3578000068664551,0.3984072208404541
1.3523000478744507,1.3439356088638306
1.6274000406265259,1.6099048852920532
1.5356999635696411,1.6054750680923462
1.9940999746322632,1.91847825050354
1.2263000011444092,1.2123280763626099
1.7648999691009521,1.7456859350204468
0.492900013923645,0.5353987216949463
2.257699966430664,2.147733211517334
1.570099949836731,1.564709186553955
1.6503000259399414,1.6351077556610107
1.8681000471115112,1.9134479761123657
0.628000020980835,0.6188809275627136
2.0513999462127686,2.1045758724212646
0.5828999876976013,0.5954123139381409
1.1232999563217163,1.1003007888793945
1.5471999645233154,1.57644784450531
1.1575000286102295,1.1316571235656738
0.45910000801086426,0.438503623008728
1.2491999864578247,1.2091383934020996
1.134600043296814,1.1295874118804932
1.5127999782562256,1.481080412864685
0.7179999947547913,0.7261340022087097
1.7419999837875366,1.7705562114715576
1.570099949836731,1.594617486000061
0.8981999754905701,0.8738475441932678
1.3179999589920044,1.3079376220703125
0.47029998898506165,0.476457417011261
0.8644000291824341,0.8690491318702698
1.010699987411499,0.9842715263366699
1.055799961090088,1.0381590127944946
0.6617000102996826,0.6831051707267761
1.4326000213623047,1.402854084968567
0.3240000009536743,0.2994961142539978
1.570099949836731,1.5453208684921265
0.886900007724762,0.8853208422660828
0.47029998898506165,0.48163336515426636
1.753499984741211,1.7966893911361694
1.0895999670028687,1.074793815612793
2.257699966430664,2.2130072116851807
0.5942000150680542,0.5813552141189575
0.47029998898506165,0.49381083250045776
2.2004001140594482,2.2140262126922607
2.211899995803833,2.2821834087371826
0.5716999769210815,0.5534937977790833
1.6618000268936157,1.6536461114883423
1.9254000186920166,1.866786241531372
0.6504999995231628,0.6542037725448608
1.9940999746322632,2.005927324295044
1.9598000049591064,1.8494070768356323
0.9431999921798706,0.9469171762466431
1.1575000286102295,1.132577896118164
2.0055999755859375,2.089053153991699
1.134600043296814,1.126636266708374
1.30649995803833,1.307886004447937
1.30649995803833,1.2843365669250488
0.8644000291824341,0.8725891709327698
0.5041000247001648,0.5527552962303162
1.5471999645233154,1.5271897315979004
1.1121000051498413,1.0959997177124023
0.886900007724762,0.8668807744979858
1.1232999563217163,1.1256682872772217
1.1919000148773193,1.1701056957244873
1.2376999855041504,1.224931240081787
1.6503000259399414,1.626953125
1.3179999589920044,1.302111268043518
1.3753000497817993,1.3580646514892578
1.2263000011444092,1.2121070623397827
1.0670000314712524,1.0591787099838257
1.8107999563217163,1.7986023426055908
1.134600043296814,1.1453529596328735
2.177500009536743,2.2169578075408936
1.9711999893188477,1.902235507965088
1.48989999294281,1.453216314315796
1.7419999837875366,1.8389880657196045
0.605400025844574,0.5337651371955872
2.1659998893737793,2.2027344703674316
1.8910000324249268,1.9221700429916382
1.6274000406265259,1.581544280052185
0.6729999780654907,0.6742340326309204
0.5604000091552734,0.5755103230476379
0.9319000244140625,0.9171265363693237
0.21140000224113464,0.2994961142539978
1.6159000396728516,1.6261532306671143
1.2720999717712402,1.298073172569275
1.8451000452041626,1.8406915664672852
2.0513999462127686,2.002178430557251
1.2376999855041504,1.2158938646316528
0.8418999910354614,0.8287511467933655
0.9994999766349792,0.9927358627319336
0.44780001044273376,0.4364593029022217
0.6843000054359436,0.6536756753921509
0.44780001044273376,0.4821482300758362
1.2376999855041504,1.2278940677642822
2.269200086593628,2.2194840908050537
0.8644000291824341,0.8646435141563416
1.30649995803833,1.2870155572891235
1.799299955368042,1.8185458183288574
1.8681000471115112,1.8438478708267212
0.414000004529953,0.425778329372406
1.180400013923645,1.1775765419006348
1.0895999670028687,1.0731223821640015
2.223299980163574,2.242239236831665
0.8306000232696533,0.8278235793113708
0.3127000033855438,0.30371761322021484
0.3352000117301941,0.40540146827697754
0.3465000092983246,0.41845589876174927
2.1087000370025635,2.0945041179656982
1.4211000204086304,1.4218193292617798
0.5716999769210815,0.5824670195579529
1.753499984741211,1.8117846250534058
1.4211000204086304,1.363709568977356
0.5828999876976013,0.5720590353012085
0.8080999851226807,0.7871030569076538
0.4253000020980835,0.395590603351593
1.1919000148773193,1.1755081415176392
0.3127000033855438,0.2994961142539978
1.799299955368042,1.8632174730300903
1.5242999792099,1.522692322731018
1.9598000049591064,2.015659809112549
1.8795000314712524,1.9123378992080688
1.5127999782562256,1.4867523908615112
1.5585999488830566,1.5783653259277344
0.9994999766349792,0.9869212508201599
0.7067999839782715,0.716934084892273
0.6617000102996826,0.6825029850006104
0.38029998540878296,0.3636552691459656
0.6955000162124634,0.6904603838920593
0.8080999851226807,0.7911316752433777
0.8644000291824341,0.8603160381317139
1.6503000259399414,1.680382490158081
1.570099949836731,1.535283088684082
1.2376999855041504,1.2204456329345703
0.6166999936103821,0.6167719960212708
2.0399999618530273,2.03902268409729
1.1008000373840332,1.0936120748519897
1.0782999992370605,1.069189429283142
1.6503000259399414,1.6461983919143677
1.9598000049591064,1.9365028142929077
0.8306000232696533,0.8200975060462952
0.5604000091552734,0.6055120229721069
0.48159998655319214,0.5060031414031982
1.2263000011444092,1.2374720573425293
1.3753000497817993,1.3338342905044556
1.8336999416351318,1.8402540683746338
2.223299980163574,2.232651472091675
2.1087000370025635,2.244941473007202
1.9139000177383423,1.9682469367980957
1.6274000406265259,1.6426749229431152
0.8080999851226807,0.7995515465736389
1.9139000177383423,1.9584929943084717
1.6503000259399414,1.6557976007461548
1.570099949836731,1.5737876892089844
0.8981999754905701,0.8942191004753113
0.4027999937534332,0.2994961142539978
1.1575000286102295,1.1519770622253418
1.6503000259399414,1.675673246383667
0.6729999780654907,0.6635810732841492
2.177500009536743,2.2375290393829346
2.246299982070923,2.2059075832366943
2.0973000526428223,2.1588079929351807
1.409600019454956,1.39155113697052
0.30149999260902405,0.30371761322021484
0.45910000801086426,0.3838106393814087
1.6962000131607056,1.733090877532959
1.1919000148773193,1.1922796964645386
0.7293000221252441,0.6863959431648254
0.414000004529953,0.4091423749923706
2.177500009536743,2.1922667026519775
2.177500009536743,2.097386360168457
0.6617000102996826,0.648318350315094
2.0399999618530273,2.0676920413970947
0.3127000033855438,0.30371761322021484
1.1575000286102295,1.1569433212280273
0.7742999792098999,0.7648991942405701
0.9994999766349792,1.0023539066314697
0.22269999980926514,0.30371761322021484
1.7877999544143677,1.7820420265197754
1.8910000324249268,1.9453155994415283
0.628000020980835,0.6581207513809204
0.7968000173568726,0.7943841218948364
1.409600019454956,1.348441243171692
0.7179999947547913,0.6955550909042358
0.5604000091552734,0.5787153244018555
1.134600043296814,1.1213469505310059
0.9994999766349792,0.9929118156433105
0.8306000232696533,0.8103231191635132
1.7419999837875366,1.70164155960083
0.9207000136375427,0.9270877242088318
1.3982000350952148,1.4394220113754272
0.8644000291824341,0.8485626578330994
1.4783999919891357,1.4815155267715454
0.5828999876976013,0.5302159786224365
0.3465000092983246,0.30371761322021484
1.3179999589920044,1.3143558502197266
1.7763999700546265,1.7497706413269043
1.8681000471115112,1.9010511636734009
0.63919997215271,0.6052634119987488
0.8194000124931335,0.8112174272537231
1.134600043296814,1.1283273696899414
0.29019999504089355,0.30371761322021484
1.6389000415802002,1.6412049531936646
0.5716999769210815,0.5859659314155579
1.8451000452041626,1.8116382360458374
1.1121000051498413,1.0949310064315796
2.1659998893737793,2.1379990577697754
2.234800100326538,2.2376139163970947
0.3465000092983246,0.30371761322021484
1.5242999792099,1.511308193206787
0.5716999769210815,0.5686068534851074
0.3578000068664551,0.41672825813293457
0.8981999754905701,0.8742692470550537
2.1087000370025635,2.087355852127075
0.8531000018119812,0.8499665260314941
1.593000054359436,1.5835376977920532
1.902400016784668,1.8017898797988892
2.1659998893737793,2.110335350036621
0.38029998540878296,0.3802340626716614
1.6159000396728516,1.6570401191711426
1.0219999551773071,1.0147830247879028
1.5012999773025513,1.5413788557052612
1.5356999635696411,1.5294421911239624
1.444000005722046,1.4511737823486328
1.5585999488830566,1.5960923433303833
2.1431000232696533,2.160259246826172
0.39149999618530273,0.30371761322021484
2.074399948120117,2.102179527282715
0.7293000221252441,0.729579746723175
1.48989999294281,1.5145186185836792
0.2563999891281128,0.30371761322021484
1.180400013923645,1.1659959554672241
0.47029998898506165,0.4979398250579834
0.5266000032424927,0.4709414839744568
1.982699990272522,2.0161402225494385
1.2949999570846558,1.2803188562393188
1.260699987411499,1.2559882402420044
1.0670000314712524,1.0445091724395752
0.7631000280380249,0.7625377774238586
2.223299980163574,2.2215657234191895
2.246299982070923,2.173300266265869
0.9769999980926514,0.9583094120025635
0.3465000092983246,0.2994961142539978
1.1919000148773193,1.1619771718978882
0.6843000054359436,0.680631160736084
2.269200086593628,2.2546322345733643
2.257699966430664,2.2677581310272217
1.6045000553131104,1.5663517713546753
1.6045000553131104,1.5493360757827759
1.3523000478744507,1.3358397483825684
0.23389999568462372,0.2994961142539978
0.414000004529953,0.39260387420654297
1.0895999670028687,1.0737031698226929
1.6045000553131104,1.599613070487976
1.3753000497817993,1.36189603805542
1.7763999700546265,1.7563906908035278
0.48159998655319214,0.509208619594574
1.2263000011444092,1.221788763999939
0.5716999769210815,0.6080508232116699
1.134600043296814,1.1267590522766113
2.223299980163574,2.1888670921325684
0.8755999803543091,0.8893526792526245
1.0333000421524048,1.030569314956665
1.2949999570846558,1.2688111066818237
1.6503000259399414,1.7009272575378418
1.799299955368042,1.8663119077682495
1.0333000421524048,1.0442460775375366
1.5242999792099,1.5360428094863892
0.7293000221252441,0.7141244411468506
1.0895999670028687,1.083127737045288
1.5815999507904053,1.5401653051376343
0.48159998655319214,0.42267298698425293
1.5242999792099,1.4846773147583008
2.131700038909912,2.176738739013672
1.1008000373840332,1.1011929512023926
0.8194000124931335,0.8122298121452332
0.6843000054359436,0.6944015026092529
0.6617000102996826,0.6662079095840454
1.0219999551773071,1.0043202638626099
1.2835999727249146,1.2590248584747314
2.1431000232696533,2.209047317504883
2.0399999618530273,2.0926082134246826
0.7631000280380249,0.7634317278862
1.8451000452041626,1.823712706565857
0.886900007724762,0.8810921311378479
1.8221999406814575,1.8633841276168823
1.3982000350952148,1.3883520364761353
2.234800100326538,2.2579243183135986
1.7304999828338623,1.7870423793792725
1.1008000373840332,1.0900726318359375
0.414000004529953,0.2994961142539978
1.4783999919891357,1.5197961330413818
0.5266000032424927,0.41882580518722534
1.6159000396728516,1.6153820753097534
0.48159998655319214,0.44936710596084595
1.363800048828125,1.340626835823059
2.1201999187469482,2.186979293823242
1.1919000148773193,1.1807700395584106
1.5356999635696411,1.570290446281433
2.0055999755859375,2.113856554031372
1.593000054359436,1.5581326484680176
2.0399999618530273,2.0009801387786865
1.6847000122070312,1.6685338020324707
0.886900007724762,0.8850066661834717
1.2376999855041504,1.2178376913070679
1.0670000314712524,1.0556833744049072
0.3352000117301941,0.30371761322021484
0.414000004529953,0.45971113443374634
1.6847000122070312,1.6686228513717651
1.2491999864578247,1.238134741783142
1.719099998474121,1.7711647748947144
0.21140000224113464,0.2994961142539978
0.5378999710083008,0.5378105640411377
0.9882000088691711,0.9841681718826294
0.23389999568462372,0.30371761322021484
1.6389000415802002,1.6533582210540771
1.8681000471115112,1.8740274906158447
1.673200011253357,1.7098612785339355
0.38029998540878296,0.3847033977508545
2.211899995803833,2.0834929943084717
0.3240000009536743,0.2994961142539978
1.6389000415802002,1.628171443939209
1.444000005722046,1.4511727094650269
0.4253000020980835,0.4123793840408325
0.8981999754905701,0.8973613977432251
1.3523000478744507,1.3323216438293457
0.8194000124931335,0.7937031984329224
0.605400025844574,0.6043825149536133
1.0895999670028687,1.0745962858200073
2.0399999618530273,2.1141104698181152
0.36899998784065247,0.2994961142539978
1.6045000553131104,1.653311848640442
1.9368000030517578,1.9310144186019897
0.4027999937534332,0.2994961142539978
0.7067999839782715,0.7078953981399536
0.8644000291824341,0.8741899728775024
1.8336999416351318,1.8672207593917847
0.3578000068664551,0.3831501007080078
1.1690000295639038,1.1609787940979004
1.9368000030517578,1.9546608924865723
1.9254000186920166,1.9983304738998413
1.1008000373840332,1.0786163806915283
0.7179999947547913,0.7051610946655273
0.5378999710083008,0.5219369530677795
1.2263000011444092,1.222644329071045
0.22269999980926514,0.2994961142539978
2.0513999462127686,2.0807220935821533
1.9254000186920166,1.908694863319397
1.6847000122070312,1.7042300701141357
2.0513999462127686,2.0877676010131836
0.8531000018119812,0.852708637714386
0.7293000221252441,0.709349513053894
2.1087000370025635,2.122614860534668
2.1201999187469482,2.0124998092651367
1.2835999727249146,1.2493300437927246
1.1919000148773193,1.1639537811279297
1.8107999563217163,1.8341647386550903
0.7742999792098999,0.7817364931106567
1.2835999727249146,1.2834254503250122
0.9207000136375427,0.9053919315338135
1.982699990272522,2.0037689208984375
2.269200086593628,2.242854118347168
2.0285000801086426,2.092092275619507
1.3753000497817993,1.3560099601745605
1.1232999563217163,1.1169995069503784
0.9545000195503235,0.9514632821083069
1.8795000314712524,1.968567967414856
0.6504999995231628,0.6371798515319824
1.6045000553131104,1.6460129022598267
1.8681000471115112,1.8659451007843018
0.7968000173568726,0.7953343391418457
1.1008000373840332,1.0884705781936646
0.9769999980926514,0.9787206649780273
0.7742999792098999,0.8023184537887573
0.3578000068664551,0.2994961142539978
0.5266000032424927,0.5600879192352295
1.9940999746322632,2.055330276489258
0.9319000244140625,0.9091758131980896
2.154599905014038,2.3023412227630615
1.444000005722046,1.4204871654510498
1.3523000478744507,1.3323607444763184
0.38029998540878296,0.30371761322021484
2.131700038909912,2.2345449924468994
1.4555000066757202,1.4515293836593628
1.2835999727249146,1.2917497158050537
1.8681000471115112,1.9469056129455566
1.8336999416351318,1.7561867237091064
0.30149999260902405,0.2994961142539978
0.3240000009536743,0.2994961142539978
1.30649995803833,1.3036991357803345
2.0399999618530273,2.1060240268707275
1.5242999792099,1.5410354137420654
1.30649995803833,1.3056108951568604
0.6166999936103821,0.6176415085792542
1.9598000049591064,2.051551103591919
2.0513999462127686,2.0961685180664062
1.1461000442504883,1.1393656730651855
1.856600046157837,1.8583984375
0.4253000020980835,0.30371761322021484
0.6166999936103821,0.597143828868866
0.436599999666214,0.30371761322021484
0.38029998540878296,0.30371761322021484
0.6504999995231628,0.6483195424079895
0.8080999851226807,0.789228618144989
0.8194000124931335,0.8068388104438782
0.9207000136375427,0.8944538235664368
0.3352000117301941,0.30371761322021484
0.6617000102996826,0.6417843103408813
0.2451999932527542,0.30371761322021484
0.7404999732971191,0.7539558410644531
1.4555000066757202,1.4928549528121948
1.4783999919891357,1.5023186206817627
0.605400025844574,0.5734487771987915
0.9319000244140625,0.9056433439254761
1.7075999975204468,1.6432448625564575
1.055799961090088,1.0325994491577148
0.20010000467300415,0.2994961142539978
0.29019999504089355,0.30371761322021484
1.2034000158309937,1.1974142789840698
1.180400013923645,1.1798914670944214
1.409600019454956,1.4152272939682007
0.492900013923645,0.519152045249939
2.223299980163574,2.288620710372925
1.9254000186920166,1.963331937789917
1.34089994430542,1.351806640625
2.0973000526428223,2.1087915897369385
0.7968000173568726,0.7657527923583984
0.7968000173568726,0.7960847020149231
2.0399999618530273,2.0324172973632812
1.9368000030517578,2.006652593612671
0.4027999937534332,0.2994961142539978
0.8981999754905701,0.8871868848800659
0.5491999983787537,0.5774925947189331
2.246299982070923,2.301992654800415
2.257699966430664,2.1688690185546875
1.5242999792099,1.5019646883010864
1.9711999893188477,1.9737200736999512
0.605400025844574,0.5978994965553284
0.5378999710083008,0.4697335362434387
2.223299980163574,2.145189046859741
0.3240000009536743,0.30371761322021484
1.6159000396728516,1.6468440294265747
0.63919997215271,0.6324425935745239
2.0171000957489014,2.0930097103118896
0.8531000018119812,0.8302925825119019
0.436599999666214,0.42133235931396484
0.3127000033855438,0.30371761322021484
0.4253000020980835,0.2994961142539978
0.6729999780654907,0.6653420925140381
0.5491999983787537,0.5219360589981079
0.7968000173568726,0.7716988325119019
1.1461000442504883,1.1523222923278809
0.2676999866962433,0.2994961142539978
1.134600043296814,1.1255996227264404
1.7419999837875366,1.7597087621688843
1.9711999893188477,1.913212537765503
1.363800048828125,1.345628261566162
1.5012999773025513,1.5263314247131348
0.8080999851226807,0.8005983829498291
1.1919000148773193,1.178931713104248
0.29019999504089355,0.2994961142539978
0.30149999260902405,0.2994961142539978
1.5585999488830566,1.539166808128357
1.753499984741211,1.6964337825775146
0.886900007724762,0.8845463991165161
1.1575000286102295,1.134633183479309
1.134600043296814,1.1193734407424927
0.2451999932527542,0.30371761322021484
1.7419999837875366,1.7768980264663696
1.34089994430542,1.3346120119094849
0.30149999260902405,0.2994961142539978
0.6504999995231628,0.632863461971283
1.055799961090088,1.0381618738174438
1.2263000011444092,1.2383806705474854
2.257699966430664,2.298215866088867
1.8336999416351318,1.8707338571548462
1.6618000268936157,1.6001896858215332
1.1690000295639038,1.147792100906372
1.2491999864578247,1.2371525764465332
1.7763999700546265,1.8719338178634644
1.9940999746322632,2.0398995876312256
0.29019999504089355,0.30371761322021484
2.0055999755859375,2.076112747192383
1.982699990272522,1.9615641832351685
1.1008000373840332,1.0743228197097778
1.8221999406814575,1.881771206855774
0.5266000032424927,0.5516427755355835
1.0444999933242798,1.008754014968872
0.7856000065803528,0.8067049980163574
1.1461000442504883,1.1244547367095947
0.3578000068664551,0.38731735944747925
2.0513999462127686,2.1810057163238525
2.0285000801086426,2.0768001079559326
2.188999891281128,2.1872689723968506
1.6389000415802002,1.6265267133712769
0.23389999568462372,0.2994961142539978
0.7179999947547913,0.6957126259803772
0.27889999747276306,0.2994961142539978
1.2376999855041504,1.226095199584961
1.2949999570846558,1.2819894552230835
0.4253000020980835,0.30371761322021484
1.6618000268936157,1.6464248895645142
2.0399999618530273,2.1542046070098877
1.409600019454956,1.4098414182662964
2.0399999618530273,2.0830225944519043
2.257699966430664,2.3181188106536865
1.673200011253357,1.6999067068099976
1.8221999406814575,1.7957581281661987
0.8981999754905701,0.8884798288345337
0.39149999618530273,0.30371761322021484
1.6847000122070312,1.757839322090149
0.38029998540878296,0.3724512457847595
1.4326000213623047,1.4041837453842163
0.45910000801086426,0.45213544368743896
0.23389999568462372,0.30371761322021484
0.9545000195503235,0.9342215061187744
1.0333000421524048,1.0293124914169312
1.1008000373840332,1.0888924598693848
1.30649995803833,1.2910590171813965
2.223299980163574,2.244293689727783
0.886900007724762,0.8897257447242737
1.9139000177383423,1.949017882347107
1.4211000204086304,1.401831865310669
1.8451000452041626,1.9163110256195068
1.8910000324249268,1.9017401933670044
2.269200086593628,2.248560667037964
0.628000020980835,0.6276286840438843
2.177500009536743,2.259705066680908
0.8080999851226807,0.7849013805389404
1.30649995803833,1.2837527990341187
0.22269999980926514,0.30371761322021484
0.6166999936103821,0.6309149861335754
0.5153999924659729,0.5391137599945068
0.5378999710083008,0.5178074240684509
1.799299955368042,1.838409662246704
0.5153999924659729,0.5075421929359436
0.5266000032424927,0.5251591205596924
1.9368000030517578,1.864305019378662
1.1232999563217163,1.1129283905029297
1.7763999700546265,1.8171443939208984
0.605400025844574,0.6455236673355103
1.363800048828125,1.3635634183883667
1.2263000011444092,1.2143810987472534
2.211899995803833,2.2142133712768555
1.1121000051498413,1.0970028638839722
1.673200011253357,1.6599427461624146
1.6159000396728516,1.6015561819076538
0.23389999568462372,0.2994961142539978
0.605400025844574,0.609528660774231
1.055799961090088,1.04633367061615
1.856600046157837,1.9076381921768188
0.8531000018119812,0.8311468362808228
1.010699987411499,1.0172061920166016
0.3127000033855438,0.2994961142539978
1.1690000295639038,1.1626752614974976
0.7742999792098999,0.7747969031333923
0.47029998898506165,0.47350484132766724
1.8451000452041626,1.880592942237854
0.44780001044273376,0.30371761322021484
0.628000020980835,0.630033016204834
0.5828999876976013,0.5698549151420593
0.21140000224113464,0.2994961142539978
0.7742999792098999,0.7667658925056458
0.39149999618530273,0.2994961142539978
0.8644000291824341,0.8520540595054626
1.48989999294281,1.4890846014022827
0.7404999732971191,0.7646013498306274
1.7763999700546265,1.818055510520935
2.154599905014038,2.1629741191864014
1.8910000324249268,1.9247921705245972
0.45910000801086426,0.39066046476364136
2.131700038909912,2.149165630340576
0.5266000032424927,0.5301617383956909
2.223299980163574,2.2497358322143555
1.2491999864578247,1.2654682397842407
0.8531000018119812,0.8672974109649658
1.2034000158309937,1.1980561017990112
1.5127999782562256,1.5148638486862183
2.223299980163574,2.2777111530303955
1.010699987411499,1.0012065172195435
1.8681000471115112,1.9893736839294434
2.0285000801086426,2.001265048980713
0.8306000232696533,0.7935978174209595
1.6159000396728516,1.5968482494354248
0.2451999932527542,0.2994961142539978
0.414000004529953,0.30371761322021484
2.246299982070923,2.1838035583496094
0.9319000244140625,0.9104540944099426
1.2148000001907349,1.2048757076263428
1.0782999992370605,1.0815433263778687
1.9139000177383423,1.8976917266845703
1.9483000040054321,1.8859517574310303
0.9319000244140625,0.9308885931968689
1.6503000259399414,1.6699944734573364
1.673200011253357,1.6260013580322266
1.409600019454956,1.403324842453003
0.3352000117301941,0.2994961142539978
1.0895999670028687,1.0740238428115845
0.7856000065803528,0.7834996581077576
0.492900013923645,0.5260326862335205
1.8107999563217163,1.8215173482894897
1.4326000213623047,1.4186183214187622
1.2376999855041504,1.2081800699234009
1.1575000286102295,1.1469829082489014
1.5815999507904053,1.5903271436691284
2.0171000957489014,2.1537680625915527
1.2263000011444092,1.2304095029830933
0.9207000136375427,0.9006814956665039
0.7856000065803528,0.7792696952819824
2.177500009536743,2.1267685890197754
0.7179999947547913,0.7192555665969849
0.8644000291824341,0.8374336361885071
1.6847000122070312,1.7177691459655762
1.0444999933242798,1.0273815393447876
1.8221999406814575,1.8944584131240845
0.23389999568462372,0.2994961142539978
1.6847000122070312,1.7675789594650269
0.9319000244140625,0.904452383518219
0.7631000280380249,0.7510443925857544
0.436599999666214,0.4771118760108948
1.6962000131607056,1.698144793510437
0.628000020980835,0.6315425038337708
1.34089994430542,1.319277048110962
1.6159000396728516,1.613875150680542
1.1121000051498413,1.0859872102737427
0.9093999862670898,0.8987616896629333
2.2004001140594482,2.228149890899658
1.2949999570846558,1.2868340015411377
0.6617000102996826,0.6496171951293945
0.6504999995231628,0.6548889875411987
1.2491999864578247,1.2468899488449097
1.4783999919891357,1.4713635444641113
2.0629000663757324,2.0652616024017334
0.6617000102996826,0.7030817866325378
0.6955000162124634,0.6747991442680359
1.8795000314712524,1.8972856998443604
1.5585999488830566,1.61106276512146
1.3293999433517456,1.3001689910888672
1.2835999727249146,1.274855136871338
2.154599905014038,2.146775722503662
2.188999891281128,2.181755781173706
0.4027999937534332,0.30371761322021484
0.9656999707221985,0.9397315382957458
1.055799961090088,1.0464195013046265
0.2563999891281128,0.2994961142539978
2.154599905014038,2.169347047805786
0.5491999983787537,0.5756776928901672
1.4326000213623047,1.4100462198257446
1.0782999992370605,1.0801827907562256
1.055799961090088,1.0484158992767334
0.27889999747276306,0.2994961142539978
1.9711999893188477,1.923086404800415
0.7293000221252441,0.6989886164665222
2.177500009536743,2.132002592086792
1.7304999828338623,1.8140344619750977
1.2720999717712402,1.2540169954299927
1.753499984741211,1.7782390117645264
0.7856000065803528,0.8020191192626953
0.5716999769210815,0.5860741138458252
1.570099949836731,1.5547329187393188
1.9254000186920166,1.8505231142044067
0.7293000221252441,0.7327075600624084
1.1232999563217163,1.1075069904327393
1.1575000286102295,1.1611230373382568
1.1690000295639038,1.1573233604431152
0.5266000032424927,0.5579178929328918
0.7856000065803528,0.7661241888999939
0.7067999839782715,0.7118708491325378
0.5716999769210815,0.5604410171508789
1.7877999544143677,1.849845051765442
0.9882000088691711,0.9964306354522705
1.2034000158309937,1.1897436380386353
0.8194000124931335,0.8343173265457153
2.246299982070923,2.346377372741699
1.0444999933242798,1.0474015474319458
1.856600046157837,1.9481252431869507
0.9994999766349792,0.998788595199585
1.719099998474121,1.7432606220245361
2.1659998893737793,2.2322423458099365
1.30649995803833,1.3032444715499878
0.23389999568462372,0.30371761322021484
1.180400013923645,1.1773908138275146
0.605400025844574,0.5711849331855774
0.8531000018119812,0.8248842358589172
0.23389999568462372,0.2994961142539978
0.29019999504089355,0.2994961142539978
0.7067999839782715,0.7103222608566284
0.605400025844574,0.6239938735961914
1.180400013923645,1.1693427562713623
1.799299955368042,1.8229156732559204
0.7179999947547913,0.7168447971343994
2.269200086593628,2.2122561931610107
1.6159000396728516,1.6086772680282593
0.5828999876976013,0.554595947265625
0.5942000150680542,0.5965655446052551
1.6159000396728516,1.633205771446228
0.9656999707221985,0.9812986254692078
1.3179999589920044,1.270642638206482
0.5041000247001648,0.48988664150238037
1.2835999727249146,1.270713210105896
1.260699987411499,1.21987783908844
1.0670000314712524,1.0565072298049927
0.7404999732971191,0.7556145787239075
2.0629000663757324,2.104233980178833
0.9545000195503235,0.9403631091117859
2.257699966430664,2.2120864391326904
1.34089994430542,1.3342691659927368
1.7304999828338623,1.7387871742248535
1.48989999294281,1.4791241884231567
1.6045000553131104,1.682219386100769
2.1201999187469482,2.173882484436035
2.1201999187469482,2.1793391704559326
0.436599999666214,0.45749396085739136
0.2451999932527542,0.30371761322021484
1.4668999910354614,1.4490790367126465
1.1232999563217163,1.1189496517181396
1.1008000373840332,1.0736678838729858
0.7631000280380249,0.751401424407959
1.7877999544143677,1.860784649848938
1.3293999433517456,1.2948986291885376
0.3578000068664551,0.30371761322021484
1.9139000177383423,1.9244160652160645
0.3465000092983246,0.2994961142539978
2.246299982070923,2.2290005683898926
0.5828999876976013,0.601586103439331
0.6166999936103821,0.6320751309394836
2.0857999324798584,2.172743082046509
0.63919997215271,0.654851496219635
1.673200011253357,1.6646463871002197
0.9656999707221985,0.9489774107933044
0.3127000033855438,0.2994961142539978
1.444000005722046,1.4586374759674072
0.5716999769210815,0.5604429244995117
0.7293000221252441,0.7266552448272705
0.492900013923645,0.49418342113494873
1.260699987411499,1.2659132480621338
1.2263000011444092,1.2241628170013428
1.3982000350952148,1.3988289833068848
2.0513999462127686,2.057992458343506
2.154599905014038,2.1301932334899902
0.605400025844574,0.6098690032958984
1.3293999433517456,1.3110451698303223
0.45910000801086426,0.36328595876693726
1.7648999691009521,1.7450863122940063
2.257699966430664,2.3416240215301514
0.9882000088691711,1.0004740953445435
1.2835999727249146,1.273117184638977
2.188999891281128,2.2244274616241455
0.44780001044273376,0.401936411857605
1.8681000471115112,1.9286783933639526
0.2451999932527542,0.2994961142539978
2.269200086593628,2.244534492492676
1.9483000040054321,1.9369546175003052
1.3523000478744507,1.3640928268432617
0.5378999710083008,0.5663965940475464
2.0285000801086426,2.1141252517700195
1.2376999855041504,1.253279685974121
0.9769999980926514,0.9703363180160522
1.1121000051498413,1.0863105058670044
1.902400016784668,1.9551817178726196
1.363800048828125,1.3649557828903198
0.5153999924659729,0.49241548776626587
1.444000005722046,1.4018471240997314
0.3465000092983246,0.30371761322021484
1.7304999828338623,1.6778908967971802
0.9093999862670898,0.8886728286743164
1.3293999433517456,1.3160085678100586
1.5585999488830566,1.5409799814224243
1.9254000186920166,2.020829916000366
1.799299955368042,1.806462287902832
0.8981999754905701,0.8879378437995911
1.3982000350952148,1.3765183687210083
0.9093999862670898,0.9033714532852173
1.570099949836731,1.5497206449508667
1.48989999294281,1.4998127222061157
0.7631000280380249,0.7370287179946899
1.30649995803833,1.3280044794082642
1.6159000396728516,1.5928683280944824
0.5828999876976013,0.5330324172973633
1.9711999893188477,2.035921096801758
2.0857999324798584,2.08984637260437
1.5585999488830566,1.592011570930481
1.902400016784668,1.9106134176254272
1.7075999975204468,1.7145748138427734
1.9254000186920166,1.974947452545166
2.1087000370025635,2.149571418762207
0.63919997215271,0.6657161712646484
0.6729999780654907,0.662230372428894
1.9483000040054321,1.9985771179199219
0.23389999568462372,0.2994961142539978
1.856600046157837,1.8678863048553467
1.5012999773025513,1.4937176704406738
1.134600043296814,1.1340638399124146
1.1461000442504883,1.1260099411010742
1.5127999782562256,1.5333629846572876
0.3352000117301941,0.30371761322021484
1.8681000471115112,1.8968770503997803
1.30649995803833,1.3224612474441528
1.2034000158309937,1.1748664379119873
1.3179999589920044,1.319489598274231
1.5815999507904053,1.5615602731704712
0.6955000162124634,0.7078635692596436
1.2376999855041504,1.2189252376556396
0.7179999947547913,0.731438934803009
2.1201999187469482,2.1122121810913086
0.9545000195503235,0.9412689805030823
1.5012999773025513,1.4746007919311523
1.6045000553131104,1.6307977437973022
1.6045000553131104,1.6487468481063843
1.799299955368042,1.8098821640014648
2.0285000801086426,2.0470035076141357
2.246299982070923,2.260244846343994
1.8681000471115112,1.8728883266448975
0.8644000291824341,0.8464946746826172
1.3179999589920044,1.2817966938018799
1.9254000186920166,1.942376971244812
0.9994999766349792,0.9921087026596069
0.8080999851226807,0.8093392848968506
1.409600019454956,1.401576280593872
0.886900007724762,0.8888875246047974
1.5815999507904053,1.5950409173965454
0.8194000124931335,0.8017190098762512
1.1690000295639038,1.161759376525879
1.0333000421524048,1.032898187637329
2.223299980163574,2.2602896690368652
1.982699990272522,2.005561590194702
1.3179999589920044,1.2943750619888306
2.177500009536743,2.1258859634399414
1.9254000186920166,1.939075231552124
0.9319000244140625,0.9239148497581482
1.753499984741211,1.8025773763656616
0.8306000232696533,0.7985923290252686
0.8418999910354614,0.8432472348213196
1.3293999433517456,1.3327385187149048
1.2949999570846558,1.2517757415771484
1.8107999563217163,1.758751630783081
1.444000005722046,1.4123704433441162
1.799299955368042,1.8025983572006226
0.9656999707221985,0.9696446657180786
1.7763999700546265,1.7783119678497314
0.628000020980835,0.6413010954856873
1.8336999416351318,1.8616774082183838
1.0782999992370605,1.0514346361160278
0.8644000291824341,0.8644595742225647
1.719099998474121,1.7085314989089966
0.9882000088691711,0.9773396253585815
1.4326000213623047,1.438681721687317
0.5716999769210815,0.5468498468399048
0.3240000009536743,0.2994961142539978
0.23389999568462372,0.30371761322021484
1.4211000204086304,1.4198579788208008
1.7075999975204468,1.6682032346725464
0.30149999260902405,0.2994961142539978
0.414000004529953,0.41612017154693604
0.48159998655319214,0.48229241371154785
0.2676999866962433,0.2994961142539978
2.1431000232696533,2.100539445877075
0.9882000088691711,0.9842503666877747
0.7856000065803528,0.7597900629043579
1.5127999782562256,1.5022777318954468
1.3867000341415405,1.3348333835601807
1.2949999570846558,1.2654169797897339
1.902400016784668,1.9702723026275635
1.8795000314712524,1.9525866508483887
1.6389000415802002,1.6424689292907715
1.0333000421524048,1.0239800214767456
2.1659998893737793,2.192574977874756
1.3982000350952148,1.3916757106781006
0.38029998540878296,0.4087908864021301
1.673200011253357,1.7601032257080078
1.48989999294281,1.5190163850784302
1.0333000421524048,1.015613079071045
0.3127000033855438,0.30371761322021484
1.055799961090088,1.0525568723678589
0.3127000033855438,0.30371761322021484
2.0399999618530273,2.1429061889648438
1.9598000049591064,1.965086817741394
1.4326000213623047,1.4230440855026245
0.8531000018119812,0.8553836941719055
0.9545000195503235,0.9599308967590332
0.5378999710083008,0.4087502956390381
0.5153999924659729,0.5355759263038635
1.6962000131607056,1.645806908607483
1.6618000268936157,1.6896331310272217
1.8910000324249268,1.913299560546875
1.2835999727249146,1.2985403537750244
0.7631000280380249,0.7621358036994934
0.3465000092983246,0.2994961142539978
2.0973000526428223,2.08337140083313
1.2263000011444092,1.2013393640518188
0.4027999937534332,0.4124187231063843
1.1461000442504883,1.132192850112915
0.8306000232696533,0.7970108389854431
0.3465000092983246,0.2994961142539978
0.5716999769210815,0.597283124923706
1.5471999645233154,1.5841337442398071
0.492900013923645,0.4122393727302551
2.0171000957489014,2.0487630367279053
0.4027999937534332,0.40505093336105347
0.7067999839782715,0.6820665001869202
1.673200011253357,1.7210838794708252
1.7877999544143677,1.758418321609497
1.3867000341415405,1.3635292053222656
1.856600046157837,1.8867249488830566
2.0629000663757324,2.1750714778900146
1.0444999933242798,1.028670310974121
1.8795000314712524,1.9105513095855713
0.5153999924659729,0.38161569833755493
2.0857999324798584,2.077510118484497
0.8418999910354614,0.8582079410552979
1.8795000314712524,1.9198076725006104
1.5471999645233154,1.5228251218795776
0.2563999891281128,0.2994961142539978
2.131700038909912,2.1727311611175537
0.5266000032424927,0.4648290276527405
1.9711999893188477,2.0280799865722656
0.63919997215271,0.6310610175132751
0.6166999936103821,0.5994539260864258
1.9368000030517578,1.968734622001648
1.363800048828125,1.3772062063217163
1.9711999893188477,1.989371418952942
0.9656999707221985,0.9482067823410034
2.1087000370025635,2.154989004135132
1.6962000131607056,1.6891156435012817
1.6274000406265259,1.585875391960144
2.0513999462127686,2.094003438949585
1.7304999828338623,1.7294343709945679
1.0444999933242798,1.0362446308135986
1.8107999563217163,1.8739866018295288
0.6955000162124634,0.6831352710723877
1.6389000415802002,1.6512207984924316
0.5716999769210815,0.5691332817077637
0.8080999851226807,0.8009500503540039
0.48159998655319214,0.47849738597869873
2.188999891281128,2.142102003097534
0.2563999891281128,0.30371761322021484
1.2949999570846558,1.2958812713623047
1.719099998474121,1.7076737880706787
1.5471999645233154,1.5437871217727661
1.6962000131607056,1.7048366069793701
1.9598000049591064,1.9208732843399048
2.211899995803833,2.2421908378601074
1.6618000268936157,1.6263283491134644
1.9598000049591064,2.0247764587402344
0.9656999707221985,0.9616056084632874
0.38029998540878296,0.4541820287704468
0.5716999769210815,0.6113869547843933
1.2949999570846558,1.2457512617111206
1.5815999507904053,1.6093469858169556
0.9882000088691711,0.9761687517166138
0.29019999504089355,0.2994961142539978
1.1121000051498413,1.114124059677124
0.47029998898506165,0.4724597930908203
0.20010000467300415,0.30371761322021484
1.8681000471115112,1.8771979808807373
0.9882000088691711,0.9763815999031067
1.2263000011444092,1.2259342670440674
0.22269999980926514,0.2994961142539978
2.234800100326538,2.3226113319396973
1.2263000011444092,1.221445918083191
1.2034000158309937,1.193691611289978
1.3867000341415405,1.3690801858901978
1.4783999919891357,1.4518698453903198
0.9656999707221985,0.955988347530365
0.6955000162124634,0.7142231464385986
1.134600043296814,1.1226556301116943
1.4783999919891357,1.4797999858856201
2.246299982070923,2.1859238147735596
1.8681000471115112,1.815930724143982
0.4253000020980835,0.2994961142539978
1.409600019454956,1.4025349617004395
1.2491999864578247,1.2554340362548828
1.5471999645233154,1.5437595844268799
1.363800048828125,1.3432044982910156
0.3465000092983246,0.2994961142539978
1.1121000051498413,1.0953468084335327
0.29019999504089355,0.2994961142539978
1.7877999544143677,1.7684667110443115
2.0171000957489014,1.9923151731491089
1.0670000314712524,1.0707842111587524
1.856600046157837,1.9413657188415527
0.3578000068664551,0.44636833667755127
0.6166999936103821,0.6179084181785583
0.6843000054359436,0.6794009208679199
2.234800100326538,2.248331308364868
1.8451000452041626,1.8459223508834839
0.7293000221252441,0.734187126159668
0.27889999747276306,0.30371761322021484
1.7075999975204468,1.7335880994796753
0.7404999732971191,0.7467740774154663
0.8531000018119812,0.8229798078536987
0.6729999780654907,0.6691915392875671
0.628000020980835,0.6409222483634949
1.4211000204086304,1.4241572618484497
1.4783999919891357,1.4903143644332886
1.7763999700546265,1.8299707174301147
1.9711999893188477,2.0680856704711914
0.7856000065803528,0.7940483689308167
0.27889999747276306,0.30371761322021484
1.4668999910354614,1.405747652053833
1.5127999782562256,1.497482419013977
0.9319000244140625,0.925972580909729
0.5828999876976013,0.5674841403961182
0.6729999780654907,0.654703676700592
0.48159998655319214,0.424968421459198
2.1201999187469482,2.0981578826904297
0.605400025844574,0.6008991003036499
0.5716999769210815,0.5438344478607178
0.7404999732971191,0.7288106679916382
0.436599999666214,0.48534393310546875
0.45910000801086426,0.47409582138061523
1.8681000471115112,1.9544463157653809
1.8451000452041626,1.8333728313446045
2.0973000526428223,2.1404330730438232
0.5604000091552734,0.5679519772529602
1.7763999700546265,1.7677372694015503
1.3523000478744507,1.3485820293426514
0.63919997215271,0.6291155815124512
2.2004001140594482,2.131687879562378
0.9656999707221985,0.9625236988067627
0.3578000068664551,0.2994961142539978
1.2720999717712402,1.2374476194381714
0.47029998898506165,0.37685054540634155
2.0055999755859375,2.0575990676879883
1.3179999589920044,1.3288559913635254
0.22269999980926514,0.30371761322021484
1.9483000040054321,2.0425474643707275
0.436599999666214,0.37306028604507446
1.2491999864578247,1.2121169567108154
2.0285000801086426,2.01340389251709
1.4555000066757202,1.410907506942749
0.2563999891281128,0.30371761322021484
2.154599905014038,2.304474353790283
0.7968000173568726,0.7990449666976929
1.5815999507904053,1.599382996559143
1.2263000011444092,1.2081189155578613
1.6389000415802002,1.6256579160690308
0.5266000032424927,0.5575115084648132
0.20010000467300415,0.30371761322021484
0.4027999937534332,0.2994961142539978
1.260699987411499,1.2434792518615723
1.1008000373840332,1.0905332565307617
1.9483000040054321,1.8073644638061523
2.074399948120117,2.1384599208831787
0.886900007724762,0.8690772652626038
0.7856000065803528,0.806214451789856
2.0171000957489014,2.1051652431488037
1.9940999746322632,2.0346741676330566
0.63919997215271,0.6214914321899414
1.0219999551773071,0.9904283881187439
1.9598000049591064,2.018955707550049
0.30149999260902405,0.2994961142539978
0.27889999747276306,0.30371761322021484
1.570099949836731,1.6113795042037964
2.1659998893737793,2.2194058895111084
2.0285000801086426,2.101349353790283
1.753499984741211,1.8957551717758179
0.9656999707221985,0.9473451972007751
0.436599999666214,0.44748884439468384
1.673200011253357,1.6460585594177246
1.1008000373840332,1.0768309831619263
0.3240000009536743,0.30371761322021484
1.753499984741211,1.8297418355941772
0.29019999504089355,0.30371761322021484
0.29019999504089355,0.2994961142539978
1.9483000040054321,2.0264248847961426
1.1461000442504883,1.131730556488037
0.20010000467300415,0.30371761322021484
0.7856000065803528,0.7878504991531372
0.6166999936103821,0.6338983178138733
1.9483000040054321,1.930241584777832
1.6159000396728516,1.652762532234192
1.9598000049591064,2.0077457427978516
2.0171000957489014,2.020277261734009
0.5828999876976013,0.6040883660316467
1.2720999717712402,1.2688729763031006
1.2376999855041504,1.2189821004867554
2.1659998893737793,2.1300048828125
2.234800100326538,2.269646167755127
1.180400013923645,1.1670153141021729
1.799299955368042,1.7569926977157593
1.8107999563217163,1.890562891960144
0.2451999932527542,0.30371761322021484
1.856600046157837,1.8429585695266724
2.0285000801086426,2.0046749114990234
1.8681000471115112,1.922111988067627
1.7419999837875366,1.8298999071121216
1.1232999563217163,1.1166257858276367
0.436599999666214,0.46668481826782227
1.5356999635696411,1.4872641563415527
0.6617000102996826,0.6911166310310364
1.8221999406814575,1.909716010093689
0.8080999851226807,0.799237072467804
1.8451000452041626,1.8334518671035767
0.9545000195503235,0.9374645352363586
0.45910000801086426,0.43792492151260376
1.4555000066757202,1.4390922784805298
0.8644000291824341,0.8665168881416321
1.6045000553131104,1.5828797817230225
1.3293999433517456,1.3537640571594238
0.9769999980926514,0.9570477604866028
0.4253000020980835,0.4505683183670044
1.5585999488830566,1.564992904663086
1.1919000148773193,1.177040934562683
2.131700038909912,2.167600393295288
1.0670000314712524,1.0452059507369995
1.7419999837875366,1.784924864768982
1.8107999563217163,1.8484681844711304
1.3753000497817993,1.365540623664856
1.3293999433517456,1.3061853647232056
0.6729999780654907,0.6606037616729736
0.5378999710083008,0.5105835199356079
1.5815999507904053,1.5570093393325806
1.010699987411499,0.9853566288948059
1.9598000049591064,1.9546014070510864
1.3179999589920044,1.3299639225006104
1.4211000204086304,1.421075463294983
2.0055999755859375,2.065277338027954
0.3240000009536743,0.30371761322021484
1.0444999933242798,1.0236896276474
1.9711999893188477,2.0013844966888428
1.5012999773025513,1.4805644750595093
0.7631000280380249,0.7723920941352844
1.2376999855041504,1.23466956615448
2.0973000526428223,2.1267852783203125
1.134600043296814,1.108844518661499
1.2720999717712402,1.2784812450408936
0.5378999710083008,0.5321120619773865
1.444000005722046,1.4445466995239258
0.3240000009536743,0.2994961142539978
0.6504999995231628,0.6627177000045776
1.134600043296814,1.118242621421814
1.982699990272522,2.0066089630126953
0.7293000221252441,0.7139970064163208
0.886900007724762,0.8960474133491516
0.5716999769210815,0.637535810470581
2.0629000663757324,2.0846455097198486
1.5471999645233154,1.544875979423523
0.3127000033855438,0.38133758306503296
1.6503000259399414,1.6299331188201904
0.30149999260902405,0.30371761322021484
1.3523000478744507,1.332755446434021
0.8755999803543091,0.8743923306465149
2.0285000801086426,2.0759363174438477
1.9368000030517578,1.9813932180404663
1.6045000553131104,1.5660607814788818
1.3867000341415405,1.3844372034072876
1.3179999589920044,1.3230974674224854
1.4668999910354614,1.4709383249282837
2.1087000370025635,2.0543580055236816
0.6504999995231628,0.6522783637046814
0.6843000054359436,0.6876213550567627
0.492900013923645,0.5079615712165833
1.3982000350952148,1.409885048866272
1.5815999507904053,1.597591519355774
1.3753000497817993,1.3682414293289185
0.4027999937534332,0.30371761322021484
1.6159000396728516,1.5936099290847778
1.0333000421524048,1.0221941471099854
2.0973000526428223,2.154041290283203
0.36899998784065247,0.2994961142539978
0.8644000291824341,0.8736351728439331
1.6847000122070312,1.6549499034881592
1.5242999792099,1.499526023864746
0.9093999862670898,0.9136748313903809
1.3179999589920044,1.3038963079452515
1.409600019454956,1.3906289339065552
1.719099998474121,1.7285672426223755
0.7293000221252441,0.7453658580780029
0.45910000801086426,0.36093461513519287
1.856600046157837,1.8148103952407837
2.131700038909912,2.0684421062469482
1.0782999992370605,1.0639281272888184
1.593000054359436,1.649318814277649
1.0444999933242798,1.0438501834869385
1.7763999700546265,1.7441909313201904
0.5716999769210815,0.5719939470291138
0.9656999707221985,0.9834313988685608
1.7763999700546265,1.8022364377975464
0.2451999932527542,0.2994961142539978
2.1201999187469482,2.1384694576263428
0.628000020980835,0.5688152313232422
0.492900013923645,0.4008498787879944
0.4253000020980835,0.4930245876312256
0.9093999862670898,0.9015677571296692
0.2676999866962433,0.30371761322021484
1.48989999294281,1.485768437385559
0.30149999260902405,0.30371761322021484
0.63919997215271,0.6226376891136169
0.5153999924659729,0.5108373761177063
2.223299980163574,2.2391605377197266
2.1087000370025635,2.1078109741210938
1.30649995803833,1.2911773920059204
1.4668999910354614,1.4652265310287476
1.9139000177383423,1.8731706142425537
1.982699990272522,1.929505467414856
0.7404999732971191,0.7212867140769958
1.134600043296814,1.1294320821762085
0.3127000033855438,0.30371761322021484
1.3293999433517456,1.3250222206115723
0.9207000136375427,0.9007546901702881
1.2835999727249146,1.271846055984497
1.5242999792099,1.5156441926956177
2.1201999187469482,2.177733898162842
1.1461000442504883,1.128986120223999
0.27889999747276306,0.2994961142539978
1.8681000471115112,1.9095404148101807
2.0285000801086426,2.1032917499542236
0.628000020980835,0.6241686940193176
0.9431999921798706,0.9429517388343811
0.6504999995231628,0.6453937292098999
2.074399948120117,2.0492193698883057
0.3127000033855438,0.30371761322021484
1.753499984741211,1.7899037599563599
0.5266000032424927,0.5240604281425476
1.1575000286102295,1.149705410003662
0.2563999891281128,0.30371761322021484
1.1919000148773193,1.1666001081466675
0.20010000467300415,0.30371761322021484
1.7763999700546265,1.8383395671844482
0.9431999921798706,0.934928297996521
0.9656999707221985,0.947376549243927
0.9319000244140625,0.9352902173995972
0.886900007724762,0.8885117173194885
0.436599999666214,0.4500047564506531
0.30149999260902405,0.30371761322021484
1.363800048828125,1.388914942741394
1.3523000478744507,1.3429745435714722
1.593000054359436,1.530255913734436
1.3293999433517456,1.3434276580810547
1.4211000204086304,1.4190796613693237
1.0219999551773071,1.0324761867523193
1.1461000442504883,1.1380505561828613
1.5815999507904053,1.5738561153411865
2.177500009536743,2.2107179164886475
1.5012999773025513,1.4854105710983276
0.3352000117301941,0.30371761322021484
0.6617000102996826,0.6631052494049072
2.2004001140594482,2.2176079750061035
1.6962000131607056,1.719099998474121
0.5828999876976013,0.6000256538391113
0.5942000150680542,0.5737199783325195
1.5242999792099,1.5013853311538696
2.0513999462127686,2.130115509033203
0.7404999732971191,0.7578392028808594
2.154599905014038,2.270261287689209
0.5828999876976013,0.6039218902587891
1.4555000066757202,1.4422496557235718
2.269200086593628,2.2260682582855225
1.363800048828125,1.357343077659607
0.27889999747276306,0.30371761322021484
0.48159998655319214,0.4467583894729614
0.6955000162124634,0.669906497001648
0.6504999995231628,0.6394622921943665
2.131700038909912,2.1974735260009766
1.2949999570846558,1.2889988422393799
1.9368000030517578,2.011596202850342
0.8755999803543091,0.8784765601158142
0.5716999769210815,0.5427077412605286
2.0055999755859375,2.0279414653778076
0.9093999862670898,0.8929228186607361
0.8644000291824341,0.8738263845443726
1.0670000314712524,1.0451377630233765
1.1575000286102295,1.1421408653259277
1.055799961090088,1.047699213027954
0.2676999866962433,0.30371761322021484
0.6504999995231628,0.6596455574035645
1.9254000186920166,2.007380485534668
0.886900007724762,0.8626208305358887
1.8451000452041626,1.8585025072097778
1.134600043296814,1.121477484703064
0.9207000136375427,0.9046503305435181
1.7648999691009521,1.78850519657135
2.0055999755859375,1.9867370128631592
1.6159000396728516,1.5969663858413696
1.8681000471115112,1.9495183229446411
1.3867000341415405,1.3552122116088867
0.6843000054359436,0.687129557132721
1.9483000040054321,1.9210771322250366
2.0399999618530273,1.960269808769226
2.0285000801086426,1.9225133657455444
0.7067999839782715,0.678551197052002
1.010699987411499,0.9896136522293091
1.6847000122070312,1.661657452583313
1.1461000442504883,1.1103328466415405
1.3179999589920044,1.317196249961853
0.2451999932527542,0.2994961142539978
1.753499984741211,1.8338067531585693
2.0973000526428223,2.0752291679382324
0.48159998655319214,0.4897195100784302
2.0055999755859375,2.0789237022399902
2.177500009536743,2.203169584274292
0.492900013923645,0.5507733225822449
0.2451999932527542,0.30371761322021484
2.2004001140594482,2.3129804134368896
0.7404999732971191,0.7572370171546936
1.5242999792099,1.4999699592590332
1.9940999746322632,2.1312854290008545
1.570099949836731,1.5710021257400513
0.3127000033855438,0.2994961142539978
1.8221999406814575,1.8340989351272583
0.8755999803543091,0.8801003098487854
1.5127999782562256,1.502572774887085
2.0857999324798584,2.0157999992370605
2.234800100326538,2.297630548477173
1.9483000040054321,1.946048378944397
2.0055999755859375,2.1289591789245605
1.2263000011444092,1.2321523427963257
2.2004001140594482,2.2478232383728027
1.6159000396728516,1.6987817287445068
1.0333000421524048,1.0175533294677734
0.63919997215271,0.6434327363967896
0.22269999980926514,0.2994961142539978
1.9940999746322632,1.9949088096618652
1.1919000148773193,1.1869823932647705
0.6955000162124634,0.6809582710266113
1.9254000186920166,1.9234068393707275
2.269200086593628,2.297781467437744
0.6843000054359436,0.7096399068832397
0.8531000018119812,0.8343916535377502
1.1008000373840332,1.0811206102371216
0.3578000068664551,0.40988045930862427
1.2949999570846558,1.2901837825775146
0.5604000091552734,0.5830634236335754
2.269200086593628,2.1421005725860596
2.154599905014038,2.133855104446411
1.4211000204086304,1.4530917406082153
2.131700038909912,2.1162006855010986
1.1008000373840332,1.071197271347046
2.0513999462127686,2.131044626235962
1.48989999294281,1.4636131525039673
1.6045000553131104,1.593790888786316
2.0629000663757324,2.075376510620117
1.7304999828338623,1.7276793718338013
2.211899995803833,2.212108850479126
1.0219999551773071,1.0137206315994263
1.982699990272522,2.0958774089813232
1.1690000295639038,1.1529932022094727
0.29019999504089355,0.2994961142539978
0.38029998540878296,0.4177144169807434
2.1431000232696533,2.1066269874572754
2.0171000957489014,2.0136220455169678
1.1232999563217163,1.1125595569610596
1.134600043296814,1.1272956132888794
1.902400016784668,1.8433691263198853
0.45910000801086426,0.4041343331336975
1.3982000350952148,1.3661597967147827
1.7075999975204468,1.7826032638549805
0.605400025844574,0.6162111759185791
0.38029998540878296,0.2994961142539978
0.7293000221252441,0.7349278926849365
1.180400013923645,1.1681461334228516
1.6962000131607056,1.6946805715560913
0.436599999666214,0.4109039902687073
0.751800000667572,0.7765252590179443
0.9882000088691711,0.9798864126205444
0.7404999732971191,0.7503302693367004
1.9711999893188477,1.9552453756332397
1.0782999992370605,1.0669234991073608
1.1232999563217163,1.1210005283355713
0.4253000020980835,0.2994961142539978
1.4783999919891357,1.466161847114563
0.492900013923645,0.48949652910232544
0.5378999710083008,0.5367280840873718
0.2676999866962433,0.30371761322021484
1.260699987411499,1.2295620441436768
1.902400016784668,1.846558690071106
2.0171000957489014,2.0251917839050293
1.7648999691009521,1.8062387704849243
0.3240000009536743,0.2994961142539978
1.409600019454956,1.3785837888717651
1.9711999893188477,1.9351085424423218
1.5127999782562256,1.4629679918289185
1.8221999406814575,1.8751881122589111
1.34089994430542,1.3474955558776855
1.1690000295639038,1.1392589807510376
0.5942000150680542,0.578755259513855
1.3293999433517456,1.305295467376709
1.9598000049591064,1.9234271049499512
1.719099998474121,1.6870758533477783
1.6274000406265259,1.6864186525344849
1.753499984741211,1.807021975517273
2.257699966430664,2.248479127883911
0.5041000247001648,0.46709197759628296
1.0333000421524048,1.014897108078003
1.4326000213623047,1.4224107265472412
1.0333000421524048,1.0143295526504517
1.3982000350952148,1.392950415611267
1.2949999570846558,1.2842071056365967
1.2720999717712402,1.2785780429840088
0.6955000162124634,0.7056359052658081
1.4668999910354614,1.4713208675384521
1.5012999773025513,1.4972999095916748
0.4253000020980835,0.39781004190444946
1.2263000011444092,1.2136770486831665
1.0219999551773071,0.9994442462921143
1.1575000286102295,1.1503095626831055
0.8080999851226807,0.8076432347297668
0.6504999995231628,0.6475266218185425
1.6847000122070312,1.7327686548233032
1.8107999563217163,1.8038231134414673
2.131700038909912,2.114112615585327
1.856600046157837,1.8494465351104736
2.2004001140594482,2.173316717147827
1.982699990272522,2.010227680206299
0.5153999924659729,0.5122546553611755
1.2148000001907349,1.2005400657653809
2.223299980163574,2.093212842941284
0.9882000088691711,0.9709442257881165
1.9598000049591064,1.965250015258789
0.5041000247001648,0.4055635333061218
0.7631000280380249,0.7485380172729492
1.409600019454956,1.433735728263855
1.6045000553131104,1.5826679468154907
0.9319000244140625,0.9253509640693665
2.1201999187469482,2.0844364166259766
2.0285000801086426,2.140079975128174
0.39149999618530273,0.30371761322021484
1.6045000553131104,1.594524621963501
0.751800000667572,0.7621278762817383
1.902400016784668,1.9624321460723877
0.628000020980835,0.6161996126174927
2.1201999187469482,2.125948190689087
1.1008000373840332,1.094395637512207
1.7075999975204468,1.7711546421051025
1.1919000148773193,1.1868822574615479
1.753499984741211,1.8126087188720703
1.7419999837875366,1.7677557468414307
1.3982000350952148,1.4175591468811035
1.5585999488830566,1.5757431983947754
2.0055999755859375,2.104508638381958
0.7293000221252441,0.720183253288269
1.9368000030517578,1.9772553443908691
2.0629000663757324,2.115283489227295
2.1087000370025635,2.1847875118255615
1.3523000478744507,1.3335143327713013
1.5356999635696411,1.5648640394210815
1.8910000324249268,1.9999762773513794
1.0895999670028687,1.088705062866211
0.7067999839782715,0.7078437805175781
0.8080999851226807,0.791126012802124
1.5815999507904053,1.6037770509719849
1.799299955368042,1.8686515092849731
1.982699990272522,1.9909244775772095
1.673200011253357,1.6548974514007568
1.1121000051498413,1.101123571395874
0.4253000020980835,0.2994961142539978
1.593000054359436,1.561692714691162
1.570099949836731,1.5821404457092285
0.3578000068664551,0.2994961142539978
1.8910000324249268,1.8774739503860474
2.188999891281128,2.183548927307129
0.47029998898506165,0.5150957107543945
0.45910000801086426,0.43177515268325806
1.753499984741211,1.8584253787994385
1.6962000131607056,1.7454885244369507
2.074399948120117,2.071256399154663
1.2491999864578247,1.2335246801376343
1.1919000148773193,1.1754767894744873
2.223299980163574,2.2978954315185547
0.5716999769210815,0.5716229677200317
0.8418999910354614,0.8284829258918762
1.593000054359436,1.5780054330825806
1.2263000011444092,1.202835202217102
2.2004001140594482,2.0737292766571045
0.22269999980926514,0.30371761322021484
2.257699966430664,2.2319297790527344
2.257699966430664,2.1947622299194336
1.2034000158309937,1.1892759799957275
1.9940999746322632,2.040341854095459
0.7856000065803528,0.7999374866485596
1.1121000051498413,1.1041370630264282
1.0444999933242798,1.0469160079956055
1.7304999828338623,1.7476341724395752
1.9940999746322632,2.0131397247314453
2.1431000232696533,2.252525806427002
1.1690000295639038,1.161982536315918
0.3578000068664551,0.30371761322021484
1.010699987411499,1.0108612775802612
0.8418999910354614,0.807655394077301
1.0333000421524048,1.0220668315887451
1.4668999910354614,1.4542686939239502
1.8795000314712524,1.8325573205947876
2.223299980163574,2.2076148986816406
0.2563999891281128,0.2994961142539978
1.9711999893188477,1.9491267204284668
1.5815999507904053,1.600961446762085
0.9882000088691711,0.9879568815231323
0.9994999766349792,0.9992055296897888
1.2835999727249146,1.2443904876708984
1.856600046157837,1.9170269966125488
0.21140000224113464,0.2994961142539978
1.055799961090088,1.0388731956481934
1.8910000324249268,1.9496228694915771
0.7856000065803528,0.7811147570610046
1.9598000049591064,2.0176732540130615
1.9598000049591064,1.8978544473648071
0.30149999260902405,0.30371761322021484
2.177500009536743,2.2035372257232666
0.30149999260902405,0.2994961142539978
1.7763999700546265,1.8178493976593018
1.0444999933242798,1.030091404914856
2.0629000663757324,2.053342580795288
1.9940999746322632,1.9684534072875977
1.5012999773025513,1.4984725713729858
2.1431000232696533,2.150014877319336
0.5266000032424927,0.5489395260810852
1.34089994430542,1.3541423082351685
2.074399948120117,1.9967211484909058
0.5378999710083008,0.5598186254501343
1.673200011253357,1.7113550901412964
1.2148000001907349,1.1880183219909668
1.5012999773025513,1.5199320316314697
0.22269999980926514,0.30371761322021484
2.0973000526428223,2.0916507244110107
0.45910000801086426,0.4733942747116089
1.5242999792099,1.5108768939971924
2.131700038909912,2.1540958881378174
0.628000020980835,0.6357913017272949
1.4668999910354614,1.4254611730575562
1.1232999563217163,1.0926357507705688
2.269200086593628,2.3020989894866943
0.4253000020980835,0.4693126082420349
0.8644000291824341,0.8647386431694031
0.7404999732971191,0.7311475872993469
0.7067999839782715,0.7291446328163147
1.4555000066757202,1.450682282447815
1.3982000350952148,1.4323396682739258
0.3465000092983246,0.30371761322021484
0.7968000173568726,0.7765991687774658
0.2451999932527542,0.30371761322021484
1.134600043296814,1.1392542123794556
1.6962000131607056,1.6432682275772095
0.9994999766349792,1.0000135898590088
0.9093999862670898,0.8737962245941162
1.4668999910354614,1.4228218793869019
1.363800048828125,1.3633910417556763
0.47029998898506165,0.4829995036125183
0.7742999792098999,0.7435124516487122
1.5815999507904053,1.611121416091919
1.902400016784668,1.9824144840240479
0.48159998655319214,0.4931004047393799
0.63919997215271,0.6642938852310181
0.9994999766349792,0.9859179258346558
1.3982000350952148,1.384718656539917
2.188999891281128,2.1530344486236572
1.363800048828125,1.3388434648513794
0.8306000232696533,0.8449998497962952
1.2720999717712402,1.2683614492416382
0.9431999921798706,0.9503223896026611
0.47029998898506165,0.4885881543159485
0.9769999980926514,0.9591076970100403
2.223299980163574,2.183687686920166
1.7648999691009521,1.7160927057266235
1.0895999670028687,1.0869146585464478
1.8910000324249268,1.9015878438949585
2.1201999187469482,2.128453254699707
0.5491999983787537,0.6125266551971436
0.8531000018119812,0.8143668174743652
2.0973000526428223,2.131786346435547
1.753499984741211,1.715258240699768
2.1659998893737793,2.140742778778076
1.2491999864578247,1.2412066459655762
2.2004001140594482,2.2407338619232178
1.2835999727249146,1.2932649850845337
1.444000005722046,1.4164267778396606
1.982699990272522,1.9818025827407837
0.30149999260902405,0.2994961142539978
1.4668999910354614,1.4868561029434204
1.2949999570846558,1.2573754787445068
1.8221999406814575,1.8376014232635498
1.2949999570846558,1.2696501016616821
1.6847000122070312,1.674548625946045
1.8795000314712524,1.9153945446014404
0.492900013923645,0.5000900626182556
1.6618000268936157,1.6849229335784912
0.5041000247001648,0.5279852151870728
1.8107999563217163,1.8242944478988647
0.605400025844574,0.6169482469558716
2.1087000370025635,2.1286280155181885
0.36899998784065247,0.2994961142539978
0.8644000291824341,0.8496224284172058
0.3127000033855438,0.2994961142539978
1.3179999589920044,1.3074458837509155
0.9093999862670898,0.8807770013809204
0.6166999936103821,0.6192535758018494
1.799299955368042,1.7735296487808228
2.0513999462127686,2.0970499515533447
2.1087000370025635,2.1982991695404053
2.234800100326538,2.2651796340942383
0.29019999504089355,0.30371761322021484
1.409600019454956,1.4181722402572632
1.7648999691009521,1.7830851078033447
1.2376999855041504,1.2064112424850464
1.48989999294281,1.561814546585083
1.6503000259399414,1.7012730836868286
0.2676999866962433,0.30371761322021484
1.9598000049591064,1.9871273040771484
2.1201999187469482,2.1407151222229004
1.7648999691009521,1.7233014106750488
0.47029998898506165,0.4007940888404846
1.6274000406265259,1.6520200967788696
1.570099949836731,1.5716360807418823
1.6389000415802002,1.7058868408203125
1.055799961090088,1.046147108078003
0.414000004529953,0.4728759527206421
0.9545000195503235,0.9501733779907227
0.5716999769210815,0.5711567997932434
1.4211000204086304,1.4268931150436401
1.0219999551773071,1.0074902772903442
1.5585999488830566,1.524314522743225
0.8755999803543091,0.8604407906532288
2.0285000801086426,2.1192750930786133
1.2720999717712402,1.2556260824203491
2.074399948120117,2.195375680923462
1.0444999933242798,1.0301182270050049
0.9994999766349792,0.9936922788619995
1.2376999855041504,1.232087254524231
2.074399948120117,2.1229894161224365
0.8194000124931335,0.8190205693244934
1.982699990272522,1.9494044780731201
1.8910000324249268,1.8357257843017578
2.1659998893737793,2.269261598587036
0.5828999876976013,0.589360237121582
0.5828999876976013,0.6183552145957947
1.8107999563217163,1.803748607635498
0.7404999732971191,0.7610635757446289
0.4253000020980835,0.30371761322021484
0.8981999754905701,0.8921464681625366
2.234800100326538,2.308593511581421
0.8418999910354614,0.8454920649528503
1.4555000066757202,1.4405066967010498
1.2034000158309937,1.1889052391052246
0.47029998898506165,0.5251525044441223
0.5378999710083008,0.5476420521736145
1.3982000350952148,1.351580023765564
0.5942000150680542,0.5830749869346619
1.6618000268936157,1.6453197002410889
1.3523000478744507,1.303223729133606
0.5604000091552734,0.6231751441955566
0.5266000032424927,0.5506396293640137
1.4555000066757202,1.4590888023376465
2.223299980163574,2.2789127826690674
0.436599999666214,0.2994961142539978
0.3127000033855438,0.2994961142539978
1.1461000442504883,1.112738847732544
2.0629000663757324,2.1051290035247803
1.4668999910354614,1.470270037651062
0.7067999839782715,0.7009506821632385
0.9431999921798706,0.9393211603164673
1.6389000415802002,1.722083568572998
1.7763999700546265,1.767112374305725
0.6166999936103821,0.6139565706253052
0.48159998655319214,0.2994961142539978
1.4668999910354614,1.4631580114364624
1.9483000040054321,1.914488673210144
1.7304999828338623,1.7052961587905884
0.9545000195503235,0.9601461887359619
2.0171000957489014,2.0379843711853027
0.8981999754905701,0.8845929503440857
1.4555000066757202,1.482980489730835
0.8194000124931335,0.8099430203437805
0.9882000088691711,0.9822900891304016
0.9319000244140625,0.9302520155906677
0.8418999910354614,0.8379377126693726
0.9207000136375427,0.922576904296875
1.34089994430542,1.3385213613510132
1.593000054359436,1.5913846492767334
2.246299982070923,2.2037858963012695
2.0055999755859375,2.025057554244995
1.3523000478744507,1.342334508895874
1.5242999792099,1.5752722024917603
0.47029998898506165,0.45943647623062134
0.7742999792098999,0.7732660174369812
1.4783999919891357,1.4724407196044922
1.570099949836731,1.5179334878921509
1.6389000415802002,1.608717441558838
0.5266000032424927,0.5328536629676819
1.5585999488830566,1.5347251892089844
1.444000005722046,1.459046721458435
0.751800000667572,0.7539708614349365
1.6847000122070312,1.6837390661239624
1.134600043296814,1.1181989908218384
2.0513999462127686,2.0164244174957275
1.4555000066757202,1.4306094646453857
1.6389000415802002,1.6224757432937622
0.5604000091552734,0.5539670586585999
0.38029998540878296,0.2994961142539978
2.0857999324798584,2.070277452468872
1.34089994430542,1.3104556798934937
1.3753000497817993,1.3763642311096191
1.673200011253357,1.669979453086853
0.23389999568462372,0.30371761322021484
0.6955000162124634,0.703130304813385
2.0629000663757324,1.9797797203063965
1.0670000314712524,1.0595208406448364
2.0285000801086426,1.9753005504608154
1.444000005722046,1.4434130191802979
1.6274000406265259,1.6331075429916382
1.1008000373840332,1.093185305595398
0.9656999707221985,0.9764116406440735
2.0055999755859375,1.9673402309417725
0.44780001044273376,0.455846905708313
2.0629000663757324,2.058809518814087
1.8107999563217163,1.8003958463668823
0.9207000136375427,0.8987695574760437
1.753499984741211,1.7842837572097778
0.8981999754905701,0.8859758973121643
0.5491999983787537,0.5345262885093689
0.9656999707221985,0.9399958252906799
0.8418999910354614,0.8394376635551453
1.6847000122070312,1.7663426399230957
1.5012999773025513,1.5361356735229492
1.8336999416351318,1.9422179460525513
0.20010000467300415,0.2994961142539978
0.5942000150680542,0.5911224484443665
0.23389999568462372,0.2994961142539978
2.074399948120117,2.103713274002075
1.9711999893188477,2.0697498321533203
1.0444999933242798,1.029766321182251
1.055799961090088,1.0576235055923462
2.0055999755859375,2.1319048404693604
0.48159998655319214,0.46721351146698
2.154599905014038,2.145756959915161
0.47029998898506165,0.30371761322021484
1.3179999589920044,1.2924554347991943
0.3240000009536743,0.30371761322021484
0.8644000291824341,0.8611782193183899
0.5266000032424927,0.4881111979484558
0.3465000092983246,0.30371761322021484
0.27889999747276306,0.2994961142539978
2.177500009536743,2.0942254066467285
2.0629000663757324,2.0599653720855713
1.753499984741211,1.8157978057861328
1.4326000213623047,1.4398274421691895
0.6504999995231628,0.6255970001220703
2.154599905014038,2.2024285793304443
0.5491999983787537,0.5654048919677734
1.5356999635696411,1.5321660041809082
2.223299980163574,2.1981558799743652
0.7293000221252441,0.7307844161987305
0.605400025844574,0.5866670608520508
0.8531000018119812,0.8463138937950134
1.6274000406265259,1.6921477317810059
1.3982000350952148,1.399093508720398
0.8644000291824341,0.869616687297821
1.6503000259399414,1.6438424587249756
2.0285000801086426,1.9838566780090332
1.7648999691009521,1.805483341217041
2.0171000957489014,2.0295310020446777
0.9093999862670898,0.9106124639511108
0.6166999936103821,0.6203240752220154
2.074399948120117,2.1255855560302734
2.1659998893737793,2.1741182804107666
1.9483000040054321,2.0204172134399414
0.3352000117301941,0.2994961142539978
2.0055999755859375,1.9935542345046997
1.5242999792099,1.512778639793396
1.5242999792099,1.461715579032898
2.234800100326538,2.183692455291748
0.6504999995231628,0.6413493156433105
0.5153999924659729,0.4618285298347473
0.7856000065803528,0.7998657822608948
2.1659998893737793,2.2592849731445312
2.234800100326538,2.2184152603149414
1.8336999416351318,1.8516590595245361
1.6962000131607056,1.6759032011032104
0.9545000195503235,0.9324064254760742
1.4668999910354614,1.4428657293319702
1.8910000324249268,1.9006445407867432
0.605400025844574,0.6106911897659302
1.2376999855041504,1.2159212827682495
1.3293999433517456,1.3090194463729858
1.409600019454956,1.3709510564804077
0.605400025844574,0.6026407480239868
0.8644000291824341,0.859203577041626
1.6618000268936157,1.619232416152954
1.1121000051498413,1.093958854675293
0.63919997215271,0.6294169425964355
1.2034000158309937,1.1919230222702026
0.6843000054359436,0.682166337966919
0.8531000018119812,0.8292689323425293
1.010699987411499,1.0066463947296143
1.0444999933242798,1.0374857187271118
2.1431000232696533,2.102212905883789
0.38029998540878296,0.30371761322021484
1.34089994430542,1.3086652755737305
2.0857999324798584,2.1075732707977295
0.5604000091552734,0.5739358067512512
1.134600043296814,1.123870849609375
1.010699987411499,0.9940263628959656
0.5266000032424927,0.47297537326812744
0.29019999504089355,0.30371761322021484
0.9545000195503235,0.9691035747528076
2.131700038909912,2.181450128555298
2.154599905014038,2.139275074005127
0.9882000088691711,0.9923108816146851
2.154599905014038,2.1725687980651855
2.269200086593628,2.2418363094329834
0.6504999995231628,0.6266428828239441
0.414000004529953,0.4494052529335022
2.0629000663757324,2.201859474182129
0.9882000088691711,0.9738124012947083
1.2376999855041504,1.2328839302062988
1.6045000553131104,1.6044881343841553
1.9368000030517578,1.943959355354309
0.48159998655319214,0.41451650857925415
2.2004001140594482,2.23870587348938
0.6729999780654907,0.6738056540489197
1.8336999416351318,1.8964433670043945
1.2148000001907349,1.2005561590194702
2.0285000801086426,1.9741137027740479
1.9711999893188477,1.9955135583877563
0.886900007724762,0.8636460900306702
2.131700038909912,2.1153392791748047
1.856600046157837,1.8286105394363403
2.177500009536743,2.172997236251831
1.9940999746322632,2.0576751232147217
1.2491999864578247,1.231292963027954
0.47029998898506165,0.36515361070632935
1.6618000268936157,1.6330699920654297
2.1201999187469482,2.0575079917907715
0.3465000092983246,0.30371761322021484
0.4253000020980835,0.45518600940704346
1.6503000259399414,1.6617250442504883
0.38029998540878296,0.30371761322021484
0.8531000018119812,0.8486636877059937
0.8755999803543091,0.869934618473053
0.39149999618530273,0.30371761322021484
2.0629000663757324,2.09584903717041
0.7293000221252441,0.7371389865875244
0.2451999932527542,0.30371761322021484
0.886900007724762,0.8756709098815918
0.5041000247001648,0.5202491283416748
1.1232999563217163,1.1059893369674683
2.1431000232696533,2.109369993209839
2.0055999755859375,1.933146357536316
0.44780001044273376,0.4436759948730469
1.2949999570846558,1.2803560495376587
0.7179999947547913,0.7060472965240479
1.6159000396728516,1.6684424877166748
2.0285000801086426,2.0369019508361816
1.8910000324249268,1.8732820749282837
0.3465000092983246,0.4076540470123291
0.9319000244140625,0.9417241215705872
1.2376999855041504,1.2356107234954834
2.1659998893737793,2.1387014389038086
1.2835999727249146,1.2755367755889893
1.7304999828338623,1.6989995241165161
1.8107999563217163,1.8157577514648438
0.8418999910354614,0.8308343887329102
1.1232999563217163,1.1155345439910889
1.1690000295639038,1.145135760307312
2.0055999755859375,1.9682897329330444
1.2263000011444092,1.2164722681045532
1.134600043296814,1.108763337135315
0.7742999792098999,0.7796787619590759
0.8418999910354614,0.8424460291862488
0.36899998784065247,0.2994961142539978
1.48989999294281,1.4816994667053223
2.223299980163574,2.2238776683807373
1.134600043296814,1.1191229820251465
0.492900013923645,0.47148966789245605
1.593000054359436,1.5761380195617676
0.39149999618530273,0.30371761322021484
0.9656999707221985,0.9676501750946045
2.246299982070923,2.2328498363494873
1.719099998474121,1.7029558420181274
1.5356999635696411,1.523526906967163
1.4783999919891357,1.4687929153442383
2.074399948120117,2.117436170578003
0.38029998540878296,0.39983201026916504
0.751800000667572,0.757883608341217
1.2720999717712402,1.265213131904602
1.1008000373840332,1.0884181261062622
1.6503000259399414,1.7180780172348022
0.8644000291824341,0.8447393178939819
1.8795000314712524,1.8961379528045654
0.30149999260902405,0.2994961142539978
1.444000005722046,1.407421588897705
2.131700038909912,2.209434986114502
2.0973000526428223,2.1469967365264893
1.2376999855041504,1.2258847951889038
2.2004001140594482,2.1836941242218018
1.6962000131607056,1.8064020872116089
0.9994999766349792,0.9784542918205261
1.3982000350952148,1.4110742807388306
1.134600043296814,1.1206079721450806
2.0973000526428223,2.030019760131836
1.6389000415802002,1.7067440748214722
0.4027999937534332,0.36137574911117554
2.0285000801086426,2.05800199508667
1.0782999992370605,1.070096492767334
2.2004001140594482,2.2049036026000977
1.5815999507904053,1.5448321104049683
1.8336999416351318,1.8584381341934204
1.2376999855041504,1.2210943698883057
1.8107999563217163,1.8596410751342773
1.7877999544143677,1.8241422176361084
1.134600043296814,1.1158040761947632
1.1575000286102295,1.152419924736023
0.21140000224113464,0.2994961142539978
2.1431000232696533,2.1380667686462402
1.9940999746322632,1.976742148399353
1.9483000040054321,2.141362190246582
1.8107999563217163,1.8455692529678345
0.8306000232696533,0.8223830461502075
0.436599999666214,0.30371761322021484
1.8910000324249268,1.910067081451416
1.9368000030517578,1.952749490737915
1.799299955368042,1.7403571605682373
0.6843000054359436,0.668359637260437
1.2263000011444092,1.2107911109924316
2.246299982070923,2.2475318908691406
1.134600043296814,1.1418207883834839
0.628000020980835,0.6540785431861877
0.2676999866962433,0.30371761322021484
1.3867000341415405,1.356487512588501
1.1575000286102295,1.1377818584442139
0.5828999876976013,0.6136992573738098
2.0055999755859375,2.064471960067749
1.0333000421524048,1.0324732065200806
0.20010000467300415,0.2994961142539978
1.180400013923645,1.1778827905654907
1.6618000268936157,1.6806377172470093
1.4783999919891357,1.4905880689620972
0.414000004529953,0.45596957206726074
0.4027999937534332,0.30371761322021484
0.751800000667572,0.7537025809288025
0.23389999568462372,0.2994961142539978
1.134600043296814,1.1129294633865356
1.9483000040054321,1.9809181690216064
1.5127999782562256,1.5056977272033691
1.1008000373840332,1.0829278230667114
0.8755999803543091,0.875735342502594
1.6045000553131104,1.5617151260375977
0.8306000232696533,0.8200281858444214
1.30649995803833,1.315216302871704
1.010699987411499,1.0020406246185303
2.0973000526428223,2.073798656463623
0.5491999983787537,0.5849077701568604
1.593000054359436,1.6260302066802979
0.2676999866962433,0.2994961142539978
1.8795000314712524,1.8617619276046753
1.2263000011444092,1.222599744796753
0.9319000244140625,0.9209104776382446
1.7419999837875366,1.8068162202835083
0.9431999921798706,0.9579570293426514
1.570099949836731,1.539194107055664
1.8910000324249268,1.953212857246399
0.8194000124931335,0.82502281665802
1.9711999893188477,1.9890609979629517
1.5127999782562256,1.4815306663513184
1.30649995803833,1.3168095350265503
1.673200011253357,1.6317929029464722
1.856600046157837,1.9123129844665527
0.48159998655319214,0.49652963876724243
0.22269999980926514,0.2994961142539978
0.8644000291824341,0.8446699380874634
1.1461000442504883,1.125907063484192
2.2004001140594482,2.2155189514160156
1.856600046157837,2.0600736141204834
0.5378999710083008,0.5412688851356506
1.8681000471115112,1.868842363357544
0.7179999947547913,0.6946226954460144
0.8531000018119812,0.8279062509536743
0.27889999747276306,0.2994961142539978
0.8418999910354614,0.8132582902908325
1.2720999717712402,1.262442946434021
1.6389000415802002,1.6718865633010864
1.6274000406265259,1.6060439348220825
1.6159000396728516,1.642327904701233
1.1232999563217163,1.1136953830718994
1.8910000324249268,2.008995771408081
2.0285000801086426,2.109766721725464
1.9368000030517578,1.9062800407409668
2.0285000801086426,1.9925923347473145
2.0973000526428223,2.1092958450317383
0.8644000291824341,0.8542717099189758
1.34089994430542,1.326906681060791
1.0782999992370605,1.0503790378570557
1.3179999589920044,1.2891939878463745
1.7648999691009521,1.7399410009384155
2.0513999462127686,2.1194498538970947
2.223299980163574,2.085420846939087
1.055799961090088,1.0465565919876099
2.0513999462127686,2.069157123565674
0.5041000247001648,0.5408501029014587
1.6962000131607056,1.6834512948989868
0.6729999780654907,0.7065978050231934
0.8194000124931335,0.810267984867096
0.414000004529953,0.45085376501083374
0.8418999910354614,0.8105404376983643
0.29019999504089355,0.30371761322021484
1.2148000001907349,1.1894125938415527
0.21140000224113464,0.2994961142539978
0.9207000136375427,0.9088654518127441
0.7404999732971191,0.7406706809997559
1.9139000177383423,1.9191786050796509
2.131700038909912,2.1256511211395264
1.4326000213623047,1.4567896127700806
0.21140000224113464,0.2994961142539978
2.2004001140594482,2.1922197341918945
1.0444999933242798,1.025983214378357
1.8795000314712524,1.8890749216079712
0.30149999260902405,0.2994961142539978
1.5585999488830566,1.5656492710113525
1.134600043296814,1.1156971454620361
0.8531000018119812,0.8585412502288818
1.3293999433517456,1.3101754188537598
0.7968000173568726,0.7907983064651489
1.5127999782562256,1.509353756904602
0.5828999876976013,0.5736418962478638
0.21140000224113464,0.2994961142539978
0.8194000124931335,0.8238131999969482
0.36899998784065247,0.30371761322021484
1.4668999910354614,1.4479174613952637
0.8755999803543091,0.8691053986549377
0.8981999754905701,0.8759715557098389
0.2451999932527542,0.30371761322021484
2.257699966430664,2.2748005390167236
1.9368000030517578,1.8652653694152832
1.3293999433517456,1.2968782186508179
1.7648999691009521,1.7867112159729004
0.2563999891281128,0.30371761322021484
2.0973000526428223,2.146289825439453
2.1087000370025635,2.1164774894714355
0.5153999924659729,0.5715851187705994
2.1201999187469482,2.163862705230713
1.4326000213623047,1.4384760856628418
2.1431000232696533,2.1674842834472656
0.8194000124931335,0.8232861161231995
1.4555000066757202,1.4328597784042358
1.5585999488830566,1.55001699924469
1.0895999670028687,1.0722286701202393
0.7293000221252441,0.704055905342102
1.5012999773025513,1.4907352924346924
0.5942000150680542,0.6004732251167297
2.1659998893737793,2.193991184234619
0.47029998898506165,0.39748191833496094
